100            1             2 
45
23.2856       21.6582       

H0             18.19         6.32          0             0             0             45 
H1             2.38          18.26         0             0             0             45 
H2             13.97         18.49         0             0             0             45 
C2             15.52         28.03         7             0             21.4          29.94 
C3             9             28.01         5             0             6.86          10.05 
C4             16.93         2.09          24            0             1.28          10.62 
C5             8.64          19.85         3             0             8.3           15.22 
C6             18.43         29.93         23            0             5.68          8.3 
C7             3.94          10.77         3             0             6.19          7.49 
C8             14.78         7.61          26            0             7.88          11.1 
C9             2.41          25.06         24            0             4.93          10.37 
C10            18.41         11.88         16            0             15.33         20.56 
C11            14.91         17.24         21            0             17.34         26.06 
C12            7.14          0.48          6             0             18.79         23.15 
C13            13.44         24.76         17            0             3.84          6.07 
C14            17.54         29.43         27            0             1.58          5.11 
C15            16.71         9.5           27            0             12.93         15.64 
C16            12.38         26.66         1             0             6.93          15.52 
C17            25.69         6.34          6             0             19.01         21.06 
C18            11.62         24            27            0             6.26          10.44 
C19            10.24         3.02          23            0             0             5.48 
C20            3.54          26.16         18            0             11.31         17.81 
C21            17.86         19.36         13            0             1.45          6.65 
C22            3.77          7.84          1             0             12.8          18.3 
C23            14.2          19.64         13            0             0             3.21 
C24            15.88         5.54          21            0             7.51          11.64 
C25            1.32          19.32         23            0             14.14         20.65 
C26            20.5          25.33         16            0             1.59          5.92 
C27            16.76         19.84         8             0             1.04          3.29 
C28            27.5          17.66         24            0             1.6           7.36 
C29            19.41         20.67         15            0             6.77          13.94 
C30            20.49         14.03         24            0             18.98         22.83 
C31            20.9          7.67          8             0             0             4.11 
C32            2.75          25.4          5             0             4.32          10.1 
C33            16.1          19.74         3             0             10.2          12.94 
C34            0.43          1.12          9             0             17.5          22.07 
C35            13.57         9.41          11            0             17.86         22.83 
C36            0.3           9.16          7             0             17.21         24.81 
C37            0.45          23.35         10            0             2.15          9.32 
C38            22.69         23.13         13            0             14.45         20.21 
C39            19.12         20.2          13            0             9.22          12.52 
C40            7             21.44         8             0             8.6           15.88 
C41            28.88         0.86          24            0             17.24         22.45 
C42            19.6          2.11          14            0             10.05         19.95 
C43            22.78         15.42         27            0             0             11.29 
C44            13.51         8.05          1             0             1.16          5.46 
C45            0.51          11.06         5             0             2.34          13.3 
C46            4.31          23.12         20            0             12.55         15.37 
C47            19.68         25.62         5             0             0             2.38 
C48            16.32         3.73          3             0             5.35          12.86 
C49            7.14          25.9          13            0             1.37          8.99 
C50            1.04          13.47         6             0             5.96          9.23 
C51            17.46         2.56          28            0             0             5.1 
C52            23.49         17.75         5             0             10.67         18.57 
C53            11.96         15.15         17            0             14.44         16.48 
C54            22.85         14.85         2             0             11.67         15.12 
C55            28.47         6.08          23            0             10.27         21.2 
C56            6.52          19.42         17            0             12.11         14.3 
C57            26.85         25.82         6             0             16.45         26.14 
C58            21.48         10.3          21            0             7.92          15.78 
C59            29.08         2.62          18            0             0             4.58 
C60            22.54         18.26         14            0             0             6.41 
C61            4.46          7.85          7             0             0             4.67 
C62            21.61         23.16         4             0             0             7.83 
C63            6.82          21.1          13            0             6.47          15.97 
C64            6.48          2.46          25            0             6.77          15.04 
C65            26.7          3.44          27            0             0             7.17 
C66            7.03          28.12         1             0             0             7.39 
C67            20.3          3.86          2             0             1.04          8.19 
C68            17.02         12.33         17            0             14.27         21.77 
C69            0.2           24.8          3             0             6.32          8.41 
C70            13.97         18.49         4             0             19.48         26.45 
C71            1.88          3.33          13            0             0             6.42 
C72            14.25         23.83         1             0             0             4.34 
C73            27.22         11.98         16            0             9.28          14.92 
C74            22.05         7.74          10            0             12.72         21.09 
C75            3.08          21.03         13            0             16.72         21.82 
C76            12.66         26.02         3             0             4.83          12.79 
C77            3.69          14.33         21            0             5.78          13.96 
C78            26.93         13.06         24            0             0             1.93 
C79            1.57          19.84         19            0             16.28         20.29 
C80            19.01         14.36         13            0             1.74          5.78 
C81            14.24         18.8          19            0             0             3.39 
C82            20.49         13.59         8             0             16.59         23.33 
C83            3.3           17.86         1             0             7.73          16.69 
C84            28.72         20.92         29            0             2.96          16.1 
C85            7.49          6.59          24            0             15.78         21.2 
C86            12.19         16.11         1             0             12.64         19.57 
C87            17.52         0.97          10            0             2.69          9.47 
C88            10.35         6.18          11            0             14.32         24.26 
C89            13.61         21.12         17            0             0             5.73 
C90            0.26          14.37         13            0             8.15          20.65 
C91            12.58         26.64         16            0             8.45          10.33 
C92            21.57         24.07         2             0             12.49         21.26 
C93            14.5          0.3           22            0             0             5.61 
C94            25.6          22.91         2             0             18.97         19.53 
C95            10.92         4.13          8             0             6.86          11.98 
C96            26.65         20.04         28            0             16.35         20.99 
C97            18.63         4.3           24            0             0             8.84 
C98            7.29          16.28         12            0             0             9.22 
C99            4.34          9.51          5             0             16.65         21.16 
C100           0             0             0             0             10            17.61 
