64             1             2 
50
25.7898       24.0404       

H0             0            -7             0             0             0             50 
H1             0             7             0             0             0             50 
H2             1             0             0             0             0             50 
C2            -1            -6             6             0             0             2.69 
C3             1            -6             6             0             20.33         23.91 
C4            -2            -5             12            0             19.55         25.45 
C5             0            -5             6             0             13.08         19.42 
C6             2            -5             12            0             6.07          8.95 
C7            -3            -4             18            0             0             3.27 
C8            -1            -4             12            0             0             6.49 
C9             1            -4             12            0             16.63         22.39 
C10            3            -4             18            0             24.33         28.83 
C11           -4            -3             24            0             6.68          10.74 
C12           -2            -3             18            0             0             6.67 
C13            0            -3             12            0             20.42         23.28 
C14            2            -3             18            0             1.52          4.87 
C15            4            -3             24            0             0             2.4 
C16           -5            -2             30            0             6.99          13.94 
C17           -3            -2             24            0             1.95          6.62 
C18           -1            -2             18            0             0             1.64 
C19            1            -2             18            0             6.53          13.6 
C20            3            -2             24            0             0             6.73 
C21            5            -2             30            0             6.55          15.22 
C22           -6            -1             36            0             9.52          15.37 
C23           -4            -1             30            0             17.93         26.28 
C24           -2            -1             24            0             19.14         26.48 
C25            0            -1             18            0             19.86         29.26 
C26            2            -1             24            0             0             5.46 
C27            4            -1             30            0             8.98          14.76 
C28            6            -1             36            0             11.92         16.49 
C29           -7             0             42            0             6.14          15.79 
C30           -5             0             36            0             16.25         21.08 
C31           -3             0             30            0             18.86         24.16 
C32           -1             0             24            0             17.95         24.93 
C33            1             0             24            0             21.47         28.79 
C34            3             0             30            0             0             7.32 
C35            5             0             36            0             4.49          14.65 
C36            7             0             42            0             11.96         16.65 
C37           -6             1             36            0             7.97          20.48 
C38           -4             1             30            0             13.91         19.26 
C39           -2             1             24            0             21.32         27.26 
C40            0             1             18            0             9.37          14.84 
C41            2             1             24            0             1.16          5.76 
C42            4             1             30            0             5.88          8.35 
C43            6             1             36            0             11.86         19.89 
C44           -5             2             30            0             12.31         21.32 
C45           -3             2             24            0             16.79         22.61 
C46           -1             2             18            0             14.53         17.62 
C47            1             2             18            0             8.61          12.43 
C48            3             2             24            0             1.99          10.44 
C49            5             2             30            0             14.78         19.08 
C50           -4             3             24            0             20.76         26.26 
C51           -2             3             18            0             16.85         23.66 
C52            0             3             12            0             0             5.9 
C53            2             3             18            0             19.33         28.3 
C54            4             3             24            0             13.34         20.34 
C55           -3             4             18            0             20.27         27.27 
C56           -1             4             12            0             3.74          7.18 
C57            1             4             12            0             15.76         27.18 
C58            3             4             18            0             14.81         24.58 
C59           -2             5             12            0             16.27         22.34 
C60            0             5             6             0             6.99          12.93 
C61            2             5             12            0             15.12         22.38 
C62           -1             6             6             0             11.86         14.98 
C63            1             6             6             0             15.47         26.53 
C64            0             0             0             0             0             5.14 
