64             5             3 
75
25.4559       26.6275       22.6268       

H0             0            -7             0             0             0             75 
H1             0             7             0             0             0             75 
H2            -2            -1             0             0             0             75 
H3             2            -1             0             0             0             75 
H4             3            -4             0             0             0             75 
H5             3            -2             0             0             0             75 
H6            -5             0             0             0             0             75 
C2            -1            -6             6             0             0             4.01 
C3             1            -6             6             0             0             6.62 
C4            -2            -5             12            0             16.98         21.94 
C5             0            -5             6             0             8.22          11.43 
C6             2            -5             12            0             1.73          5.99 
C7            -3            -4             18            0             12.19         17.36 
C8            -1            -4             12            0             14.58         23.36 
C9             1            -4             12            0             9.72          16.03 
C10            3            -4             18            0             2.78          4.66 
C11           -4            -3             24            0             11.04         20.63 
C12           -2            -3             18            0             10.43         12.03 
C13            0            -3             12            0             10.14         15.45 
C14            2            -3             18            0             0             8.66 
C15            4            -3             24            0             0             4.56 
C16           -5            -2             30            0             15.01         17.53 
C17           -3            -2             24            0             21.38         26.13 
C18           -1            -2             18            0             5.36          11.17 
C19            1            -2             18            0             3.76          8.27 
C20            3            -2             24            0             0             5.46 
C21            5            -2             30            0             0             8.05 
C22           -6            -1             36            0             16.55         19.58 
C23           -4            -1             30            0             21.4          24.98 
C24           -2            -1             24            0             22.59         30.21 
C25            0            -1             18            0             3.62          14.49 
C26            2            -1             24            0             23.32         27.89 
C27            4            -1             30            0             17.01         28.79 
C28            6            -1             36            0             4.54          6.65 
C29           -7             0             42            0             16.81         19.07 
C30           -5             0             36            0             18.47         23.58 
C31           -3             0             30            0             3.59          4.32 
C32           -1             0             24            0             0             2.1 
C33            1             0             24            0             16.19         25.67 
C34            3             0             30            0             18.76         27.46 
C35            5             0             36            0             8.53          13.71 
C36            7             0             42            0             3.55          10.31 
C37           -6             1             36            0             18.1          22.2 
C38           -4             1             30            0             4.95          9.46 
C39           -2             1             24            0             1.29          9.48 
C40            0             1             18            0             17.19         26.44 
C41            2             1             24            0             21.04         24.59 
C42            4             1             30            0             9.05          11.57 
C43            6             1             36            0             6.22          11.38 
C44           -5             2             30            0             3.27          7.3 
C45           -3             2             24            0             9.22          18.37 
C46           -1             2             18            0             14.13         15.23 
C47            1             2             18            0             14.91         17.69 
C48            3             2             24            0             10.53         18.54 
C49            5             2             30            0             10.62         14.36 
C50           -4             3             24            0             4.31          8.93 
C51           -2             3             18            0             6.88          18.55 
C52            0             3             12            0             13.16         18.73 
C53            2             3             18            0             13.68         22.37 
C54            4             3             24            0             13.79         17.26 
C55           -3             4             18            0             5.8           11.5 
C56           -1             4             12            0             0             5.67 
C57            1             4             12            0             8.2           15.96 
C58            3             4             18            0             17.93         23.05 
C59           -2             5             12            0             0             4.98 
C60            0             5             6             0             21.47         25.39 
C61            2             5             12            0             15.55         22.95 
C62           -1             6             6             0             10.99         12.27 
C63            1             6             6             0             14.53         24.06 
C64            0             0             0             0             3.8           11.81 
