100            15            6 
70
13.5305       14.4969       12.106        15.5101       12.2496       2.07748       

H0             18.19         6.32          0             0             0             70 
H1             2.38          18.26         0             0             0             70 
H2             16.71         9.5           0             0             0             70 
H3             22.54         18.26         0             0             0             70 
H4             14.24         18.8          0             0             0             70 
H5             7.14          25.9          0             0             0             70 
H6             1.57          19.84         0             0             0             70 
H7             18.43         29.93         0             0             0             70 
H8             7.14          0.48          0             0             0             70 
H9             11.62         24            0             0             0             70 
H10            15.88         5.54          0             0             0             70 
H11            20.49         14.03         0             0             0             70 
H12            0.3           9.16          0             0             0             70 
H13            19.6          2.11          0             0             0             70 
H14            16.32         3.73          0             0             0             70 
H15            22.85         14.85         0             0             0             70 
H16            4.46          7.85          0             0             0             70 
C2             15.52         28.03         7             0             21.4          29.94 
C3             9             28.01         5             0             6.86          10.05 
C4             16.93         2.09          24            0             2.49          6.31 
C5             8.64          19.85         3             0             0             1.18 
C6             18.43         29.93         23            0             8.58          10.3 
C7             3.94          10.77         3             0             5.96          10.37 
C8             14.78         7.61          26            0             8.5           14.12 
C9             2.41          25.06         24            0             4.36          5.19 
C10            18.41         11.88         16            0             1.15          5.46 
C11            14.91         17.24         21            0             8.89          12.08 
C12            7.14          0.48          6             0             3.77          5.4 
C13            13.44         24.76         17            0             5.45          7.94 
C14            17.54         29.43         27            0             7             7.75 
C15            16.71         9.5           27            0             11.95         14.31 
C16            12.38         26.66         1             0             7.8           10.43 
C17            25.69         6.34          6             0             0             2.36 
C18            11.62         24            27            0             4.11          6.07 
C19            10.24         3.02          23            0             3.4           5.36 
C20            3.54          26.16         18            0             0             4.11 
C21            17.86         19.36         13            0             5.22          7.68 
C22            3.77          7.84          1             0             7.86          11 
C23            14.2          19.64         13            0             0             1.41 
C24            15.88         5.54          21            0             4.85          10.27 
C25            1.32          19.32         23            0             1             0.86 
C26            20.5          25.33         16            0             0             3.28 
C27            16.76         19.84         8             0             7.01          9.39 
C28            27.5          17.66         24            0             7.6           10.84 
C29            19.41         20.67         15            0             1.55          7.37 
C30            20.49         14.03         24            0             6.88          12.71 
C31            20.9          7.67          8             0             4.39          5.95 
C32            2.75          25.4          5             0             3.78          5.16 
C33            16.1          19.74         3             0             3.29          6.57 
C34            0.43          1.12          9             0             4.97          8.9 
C35            13.57         9.41          11            0             1.19          4.27 
C36            0.3           9.16          7             0             10.18         14.12 
C37            0.45          23.35         10            0             0             3.2 
C38            22.69         23.13         13            0             1.07          2.84 
C39            19.12         20.2          13            0             4.27          5.92 
C40            7             21.44         8             0             3.78          4.55 
C41            28.88         0.86          24            0             9.56          11.74 
C42            19.6          2.11          14            0             8.5           10.12 
C43            22.78         15.42         27            0             8.41          14.56 
C44            13.51         8.05          1             0             3.9           6.62 
C45            0.51          11.06         5             0             0             2.33 
C46            4.31          23.12         20            0             7.5           10.65 
C47            19.68         25.62         5             0             0             3.26 
C48            16.32         3.73          3             0             4.3           7.51 
C49            7.14          25.9          13            0             14.36         18.72 
C50            1.04          13.47         6             0             1.37          3.29 
C51            17.46         2.56          28            0             2.06          4.98 
C52            23.49         17.75         5             0             0             3.59 
C53            11.96         15.15         17            0             0             6.82 
C54            22.85         14.85         2             0             6.72          8.54 
C55            28.47         6.08          23            0             6.57          10.34 
C56            6.52          19.42         17            0             9.25          12.38 
C57            26.85         25.82         6             0             8.16          11.31 
C58            21.48         10.3          21            0             3.99          9.13 
C59            29.08         2.62          18            0             3.03          5.47 
C60            22.54         18.26         14            0             13.16         15.21 
C61            4.46          7.85          7             0             2.25          6.33 
C62            21.61         23.16         4             0             3.74          8.56 
C63            6.82          21.1          13            0             1.41          5.69 
C64            6.48          2.46          25            0             0             4.79 
C65            26.7          3.44          27            0             7.71          9.85 
C66            7.03          28.12         1             0             7.27          9.84 
C67            20.3          3.86          2             0             4.35          8.29 
C68            17.02         12.33         17            0             1.94          4.48 
C69            0.2           24.8          3             0             5.58          10.2 
C70            13.97         18.49         4             0             5.31          8.32 
C71            1.88          3.33          13            0             4.24          8.23 
C72            14.25         23.83         1             0             1.26          4.33 
C73            27.22         11.98         16            0             3.52          8.47 
C74            22.05         7.74          10            0             2.56          5.66 
C75            3.08          21.03         13            0             7.24          11.44 
C76            12.66         26.02         3             0             5.33          12.19 
C77            3.69          14.33         21            0             0             2.05 
C78            26.93         13.06         24            0             8.16          10.76 
C79            1.57          19.84         19            0             10.46         13.53 
C80            19.01         14.36         13            0             4.41          7 
C81            14.24         18.8          19            0             11.39         12.94 
C82            20.49         13.59         8             0             8.33          12.83 
C83            3.3           17.86         1             0             6.29          10.37 
C84            28.72         20.92         29            0             8.4           8.73 
C85            7.49          6.59          24            0             4.89          6.48 
C86            12.19         16.11         1             0             0             1 
C87            17.52         0.97          10            0             4.8           7.8 
C88            10.35         6.18          11            0             1.08          2.78 
C89            13.61         21.12         17            0             1.62          5.86 
C90            0.26          14.37         13            0             9.56          12.72 
C91            12.58         26.64         16            0             9.25          13.52 
C92            21.57         24.07         2             0             7.27          10.21 
C93            14.5          0.3           22            0             7.99          10.89 
C94            25.6          22.91         2             0             4.59          8.18 
C95            10.92         4.13          8             0             0             1 
C96            26.65         20.04         28            0             0             1 
C97            18.63         4.3           24            0             1.11          4.61 
C98            7.29          16.28         12            0             8.6           9.49 
C99            4.34          9.51          5             0             0             2.1 
C100           0             0             0             0             8.17          9.19 
