64             1             2 
60
31.1128       28.2874       

H0             0            -7             0             0             0             60 
H1             0             7             0             0             0             60 
H2             2             1             0             0             0             60 
C2            -1            -6             6             0             0             6.12 
C3             1            -6             6             0             10.78         11.92 
C4            -2            -5             12            0             0             10.72 
C5             0            -5             6             0             21.71         24.56 
C6             2            -5             12            0             0             5.6 
C7            -3            -4             18            0             0             7.18 
C8            -1            -4             12            0             9.53          16.77 
C9             1            -4             12            0             21.4          27.34 
C10            3            -4             18            0             26.07         29.72 
C11           -4            -3             24            0             1.65          13.47 
C12           -2            -3             18            0             11.79         23.26 
C13            0            -3             12            0             19.17         29.44 
C14            2            -3             18            0             20.13         22.16 
C15            4            -3             24            0             3.68          9.25 
C16           -5            -2             30            0             5.67          13.19 
C17           -3            -2             24            0             15.01         24.39 
C18           -1            -2             18            0             21.08         28.81 
C19            1            -2             18            0             10            20.29 
C20            3            -2             24            0             6.47          10.2 
C21            5            -2             30            0             5.37          11.52 
C22           -6            -1             36            0             0             12.97 
C23           -4            -1             30            0             13.81         21.75 
C24           -2            -1             24            0             16.11         29.68 
C25            0            -1             18            0             12.16         22.57 
C26            2            -1             24            0             0             6.98 
C27            4            -1             30            0             0             7.9 
C28            6            -1             36            0             3.98          18.53 
C29           -7             0             42            0             9.4           11.98 
C30           -5             0             36            0             12.72         19.37 
C31           -3             0             30            0             21.97         27.64 
C32           -1             0             24            0             22.49         32.93 
C33            1             0             24            0             0             8.13 
C34            3             0             30            0             2.75          6 
C35            5             0             36            0             11.88         17.36 
C36            7             0             42            0             7.96          20.95 
C37           -6             1             36            0             2.35          11.52 
C38           -4             1             30            0             15.69         23.72 
C39           -2             1             24            0             21.03         32.23 
C40            0             1             18            0             28.26         30.42 
C41            2             1             24            0             26.29         31.71 
C42            4             1             30            0             14.02         24.87 
C43            6             1             36            0             12.37         14.27 
C44           -5             2             30            0             12.18         19.6 
C45           -3             2             24            0             10.6          17.61 
C46           -1             2             18            0             25.89         31.91 
C47            1             2             18            0             28.79         38.18 
C48            3             2             24            0             17.82         22.82 
C49            5             2             30            0             11.82         20.22 
C50           -4             3             24            0             12.05         15.41 
C51           -2             3             18            0             16.9          28.88 
C52            0             3             12            0             23.95         28.53 
C53            2             3             18            0             18.33         25.67 
C54            4             3             24            0             17.37         21.08 
C55           -3             4             18            0             7.96          13.94 
C56           -1             4             12            0             17.1          23.7 
C57            1             4             12            0             3.98          11.09 
C58            3             4             18            0             22.65         25.35 
C59           -2             5             12            0             3.87          12.08 
C60            0             5             6             0             0             5.17 
C61            2             5             12            0             25.08         26.43 
C62           -1             6             6             0             15.97         26.41 
C63            1             6             6             0             22.44         31.69 
C64            0             0             0             0             14.43         17.22 
