64             10            4 
75
19.7991       20.3849       18.9707       15.5558       

H0             0            -7             0             0             0             75 
H1             0             7             0             0             0             75 
H2            -6             1             0             0             0             75 
H3            -1             2             0             0             0             75 
H4             7             0             0             0             0             75 
H5             0            -5             0             0             0             75 
H6             3            -4             0             0             0             75 
H7             4            -3             0             0             0             75 
H8             3            -2             0             0             0             75 
H9             0            -1             0             0             0             75 
H10           -5             0             0             0             0             75 
H11            5             0             0             0             0             75 
C2            -1            -6             6             0             0             4.01 
C3             1            -6             6             0             0             1.55 
C4            -2            -5             12            0             0             1.81 
C5             0            -5             6             0             18.11         31.35 
C6             2            -5             12            0             0             3.58 
C7            -3            -4             18            0             11.1          13.43 
C8            -1            -4             12            0             23.94         29.21 
C9             1            -4             12            0             3.34          10.42 
C10            3            -4             18            0             2.62          7.82 
C11           -4            -3             24            0             13.86         14.49 
C12           -2            -3             18            0             6.63          13.96 
C13            0            -3             12            0             7.86          10.78 
C14            2            -3             18            0             3.91          8.69 
C15            4            -3             24            0             14.72         18.03 
C16           -5            -2             30            0             13.43         19.79 
C17           -3            -2             24            0             0             5.09 
C18           -1            -2             18            0             4.78          11.31 
C19            1            -2             18            0             4.58          11.52 
C20            3            -2             24            0             10.24         15.98 
C21            5            -2             30            0             11.17         19.64 
C22           -6            -1             36            0             13.86         19.65 
C23           -4            -1             30            0             0             6.39 
C24           -2            -1             24            0             5.42          9.11 
C25            0            -1             18            0             5.21          14.28 
C26            2            -1             24            0             10.07         13.37 
C27            4            -1             30            0             9.83          13.61 
C28            6            -1             36            0             16.76         20.04 
C29           -7             0             42            0             14.62         20.07 
C30           -5             0             36            0             0             2.39 
C31           -3             0             30            0             7.58          11.43 
C32           -1             0             24            0             5.06          11.04 
C33            1             0             24            0             2.9           10.18 
C34            3             0             30            0             3.72          10.88 
C35            5             0             36            0             0             3.72 
C36            7             0             42            0             16.09         20.24 
C37           -6             1             36            0             16.45         21.67 
C38           -4             1             30            0             7.08          17.02 
C39           -2             1             24            0             7.76          8.62 
C40            0             1             18            0             0             7.27 
C41            2             1             24            0             4.82          10.12 
C42            4             1             30            0             0             5.68 
C43            6             1             36            0             0             2.46 
C44           -5             2             30            0             8.85          14.75 
C45           -3             2             24            0             13.42         22.34 
C46           -1             2             18            0             14.68         20.65 
C47            1             2             18            0             0             3.35 
C48            3             2             24            0             7.44          13.06 
C49            5             2             30            0             4.11          7.63 
C50           -4             3             24            0             13.22         14.33 
C51           -2             3             18            0             16.46         18.7 
C52            0             3             12            0             0             4.28 
C53            2             3             18            0             7.64          11.74 
C54            4             3             24            0             4.63          9.91 
C55           -3             4             18            0             13.91         17.95 
C56           -1             4             12            0             11.25         12.56 
C57            1             4             12            0             10.43         15.53 
C58            3             4             18            0             9.67          12.56 
C59           -2             5             12            0             1.83          7.82 
C60            0             5             6             0             8.79          14.97 
C61            2             5             12            0             11.9          17.15 
C62           -1             6             6             0             0             4.24 
C63            1             6             6             0             10.73         14.67 
C64            0             0             0             0             10.84         19.39 
