100            1             2 
35
17.6499       17.176        

H0             18.19         6.32          0             0             0             35 
H1             2.38          18.26         0             0             0             35 
H2             14.24         18.8          0             0             0             35 
C2             15.52         28.03         7             0             21.4          29.94 
C3             9             28.01         5             0             8.46          10.59 
C4             16.93         2.09          24            0             6.87          12.95 
C5             8.64          19.85         3             0             3.28          6.77 
C6             18.43         29.93         23            0             3.68          8.47 
C7             3.94          10.77         3             0             16.69         17.26 
C8             14.78         7.61          26            0             0             5.85 
C9             2.41          25.06         24            0             14.5          15.67 
C10            18.41         11.88         16            0             0             3.89 
C11            14.91         17.24         21            0             13.2          16.86 
C12            7.14          0.48          6             0             1.71          8.97 
C13            13.44         24.76         17            0             7.81          14.21 
C14            17.54         29.43         27            0             13.92         18.75 
C15            16.71         9.5           27            0             5.57          11.02 
C16            12.38         26.66         1             0             2.38          8.59 
C17            25.69         6.34          6             0             9.13          14.3 
C18            11.62         24            27            0             0             4.68 
C19            10.24         3.02          23            0             10.6          15.32 
C20            3.54          26.16         18            0             7.18          13.46 
C21            17.86         19.36         13            0             0             7 
C22            3.77          7.84          1             0             0             6.62 
C23            14.2          19.64         13            0             0             3.96 
C24            15.88         5.54          21            0             0             2.73 
C25            1.32          19.32         23            0             10.75         18.4 
C26            20.5          25.33         16            0             0             1.98 
C27            16.76         19.84         8             0             5.14          8.32 
C28            27.5          17.66         24            0             6.14          11.06 
C29            19.41         20.67         15            0             1.44          5.76 
C30            20.49         14.03         24            0             7.64          11.54 
C31            20.9          7.67          8             0             2.91          10.34 
C32            2.75          25.4          5             0             8.62          13.26 
C33            16.1          19.74         3             0             9.62          17.08 
C34            0.43          1.12          9             0             8.99          11.83 
C35            13.57         9.41          11            0             7.27          10.84 
C36            0.3           9.16          7             0             7.33          16.54 
C37            0.45          23.35         10            0             0             4 
C38            22.69         23.13         13            0             2.59          7.26 
C39            19.12         20.2          13            0             11.86         19.23 
C40            7             21.44         8             0             5.8           12.81 
C41            28.88         0.86          24            0             1.75          6.37 
C42            19.6          2.11          14            0             9.16          15.11 
C43            22.78         15.42         27            0             3.77          10.94 
C44            13.51         8.05          1             0             6.63          9.39 
C45            0.51          11.06         5             0             6.59          12 
C46            4.31          23.12         20            0             0             6.44 
C47            19.68         25.62         5             0             1.22          5.68 
C48            16.32         3.73          3             0             0             1 
C49            7.14          25.9          13            0             7.41          8.89 
C50            1.04          13.47         6             0             14.22         18.94 
C51            17.46         2.56          28            0             10            13.19 
C52            23.49         17.75         5             0             2.85          8.32 
C53            11.96         15.15         17            0             11.77         16.15 
C54            22.85         14.85         2             0             6.43          8.78 
C55            28.47         6.08          23            0             11.56         15.14 
C56            6.52          19.42         17            0             2.62          4.03 
C57            26.85         25.82         6             0             0             6.27 
C58            21.48         10.3          21            0             12.47         17.63 
C59            29.08         2.62          18            0             9.37          12.04 
C60            22.54         18.26         14            0             6.54          9.25 
C61            4.46          7.85          7             0             10.99         15.99 
C62            21.61         23.16         4             0             13.72         21.28 
C63            6.82          21.1          13            0             7             12.61 
C64            6.48          2.46          25            0             6.2           11.25 
C65            26.7          3.44          27            0             3.56          6.16 
C66            7.03          28.12         1             0             3.71          10.57 
C67            20.3          3.86          2             0             1.93          5.32 
C68            17.02         12.33         17            0             9.65          13.51 
C69            0.2           24.8          3             0             3.96          6.01 
C70            13.97         18.49         4             0             16.18         20.45 
C71            1.88          3.33          13            0             0             4.73 
C72            14.25         23.83         1             0             8.58          14.96 
C73            27.22         11.98         16            0             8.15          13.42 
C74            22.05         7.74          10            0             6.83          9.24 
C75            3.08          21.03         13            0             11.11         16.54 
C76            12.66         26.02         3             0             14.18         19.31 
C77            3.69          14.33         21            0             4.34          6.35 
C78            26.93         13.06         24            0             6.62          11.57 
C79            1.57          19.84         19            0             14.37         18.67 
C80            19.01         14.36         13            0             4.66          10.2 
C81            14.24         18.8          19            0             16.79         18.21 
C82            20.49         13.59         8             0             0             6.03 
C83            3.3           17.86         1             0             3.11          7.56 
C84            28.72         20.92         29            0             11.23         13.58 
C85            7.49          6.59          24            0             12.07         14.3 
C86            12.19         16.11         1             0             1.32          4.51 
C87            17.52         0.97          10            0             12.58         16.86 
C88            10.35         6.18          11            0             0             2.93 
C89            13.61         21.12         17            0             1.34          6.05 
C90            0.26          14.37         13            0             5.83          8.57 
C91            12.58         26.64         16            0             1.7           4.86 
C92            21.57         24.07         2             0             7.85          9.96 
C93            14.5          0.3           22            0             13.27         17.45 
C94            25.6          22.91         2             0             5.76          10.56 
C95            10.92         4.13          8             0             11.91         17.09 
C96            26.65         20.04         28            0             3             7.01 
C97            18.63         4.3           24            0             14.71         17.58 
C98            7.29          16.28         12            0             0             8.39 
C99            4.34          9.51          5             0             0             6.27 
C100           0             0             0             0             5.56          11.92 
