66             15            6 
125
21.1181       22.0001       22.0001       22.0001       22.0001       15.8021       

H0            -0.5           0             0             0             0             125 
H1             0.5           0             0             0             0             125 
H2            -5            -7             0             0             0             125 
H3            -3             5             0             0             0             125 
H4             5             7             0             0             0             125 
H5             3            -5             0             0             0             125 
H6             1            -5             0             0             0             125 
H7            -7            -3             0             0             0             125 
H8            -7             5             0             0             0             125 
H9            -5            -3             0             0             0             125 
H10           -5             5             0             0             0             125 
H11           -3            -3             0             0             0             125 
H12           -3             7             0             0             0             125 
H13           -1            -3             0             0             0             125 
H14           -1             5             0             0             0             125 
H15            1            -3             0             0             0             125 
H16            1             5             0             0             0             125 
C2            -7            -7             35            0             0             3.48 
C3            -7            -5             35            0             0             5.58 
C4            -7            -3             35            0             1.84          12.57 
C5            -7            -1             35            0             2.96          8.69 
C6            -7             1             35            0             6.42          10.08 
C7            -7             3             35            0             7.75          17.65 
C8            -7             5             35            0             9.76          15.65 
C9            -7             7             35            0             11.91         19.56 
C10           -5            -7             35            0             15.49         21.22 
C11           -5            -5             25            0             14.64         15.71 
C12           -5            -3             25            0             6.96          13.65 
C13           -5            -1             25            0             6.61          16.08 
C14           -5             1             25            0             5.32          11.62 
C15           -5             3             25            0             4.85          10.6 
C16           -5             5             25            0             18.48         21.9 
C17           -5             7             35            0             17.94         20.32 
C18           -3            -7             35            0             15.58         19.74 
C19           -3            -5             25            0             16.55         22.35 
C20           -3            -3             15            0             8.25          12.52 
C21           -3            -1             15            0             9.06          12.75 
C22           -3             1             15            0             0             4.53 
C23           -3             3             15            0             0             8.29 
C24           -3             5             25            0             19.06         22.38 
C25           -3             7             35            0             0             4.64 
C26           -1            -7             35            0             3.87          5.8 
C27           -1            -5             25            0             3.92          7.94 
C28           -1            -3             15            0             6.86          10.35 
C29           -1            -1             5             0             13.86         17 
C30           -1             1             5             0             0             3.99 
C31           -1             3             15            0             6.72          14.16 
C32           -1             5             25            0             4.9           7.97 
C33           -1             7             35            0             1.3           4.22 
C34            1            -7             35            0             1.95          3.69 
C35            1            -5             25            0             21.81         25.98 
C36            1            -3             15            0             17.6          22.44 
C37            1            -1             5             0             4.12          8.07 
C38            1             1             5             0             0             5.49 
C39            1             3             15            0             5.32          11 
C40            1             5             25            0             11.4          12.92 
C41            1             7             35            0             9.66          17.43 
C42            3            -7             35            0             19.23         24.74 
C43            3            -5             25            0             15.73         26.02 
C44            3            -3             15            0             14.74         22.15 
C45            3            -1             15            0             11.82         21.86 
C46            3             1             15            0             13.75         16.22 
C47            3             3             15            0             10.76         15.56 
C48            3             5             25            0             16.42         21.34 
C49            3             7             35            0             15.79         18.04 
C50            5            -7             35            0             12.01         22.43 
C51            5            -5             25            0             0             4.44 
C52            5            -3             25            0             1.92          8.61 
C53            5            -1             25            0             1.95          8 
C54            5             1             25            0             3.69          11.7 
C55            5             3             25            0             8.35          14.39 
C56            5             5             25            0             16.33         23.92 
C57            5             7             35            0             19.17         25.37 
C58            7            -7             35            0             10.73         20.17 
C59            7            -5             35            0             7.59          14.24 
C60            7            -3             35            0             10.96         12.62 
C61            7            -1             35            0             9.14          12.34 
C62            7             1             35            0             3.53          10.34 
C63            7             3             35            0             3.37          9.07 
C64            7             5             35            0             0             8.33 
C65            7             7             35            0             0             5.99 
C66            0             0             0             0             16.66         21 
