100            10            4 
50
13.5305       13.9675       13.1919       9.13045       

H0             18.19         6.32          0             0             0             50 
H1             2.38          18.26         0             0             0             50 
H2             16.71         9.5           0             0             0             50 
H3             14.91         17.24         0             0             0             50 
H4             7             21.44         0             0             0             50 
H5             2.41          25.06         0             0             0             50 
H6             11.62         24            0             0             0             50 
H7             16.76         19.84         0             0             0             50 
H8             0.3           9.16          0             0             0             50 
H9             0.51          11.06         0             0             0             50 
H10            22.85         14.85         0             0             0             50 
H11            6.82          21.1          0             0             0             50 
C2             15.52         28.03         7             0             21.4          29.94 
C3             9             28.01         5             0             6.86          10.05 
C4             16.93         2.09          24            0             4.42          6 
C5             8.64          19.85         3             0             0             1.18 
C6             18.43         29.93         23            0             8.58          10.3 
C7             3.94          10.77         3             0             5.96          10.37 
C8             14.78         7.61          26            0             10.31         12.97 
C9             2.41          25.06         24            0             8.76          12.68 
C10            18.41         11.88         16            0             2.27          5.03 
C11            14.91         17.24         21            0             13.15         14.32 
C12            7.14          0.48          6             0             7.49          11.77 
C13            13.44         24.76         17            0             0             3.81 
C14            17.54         29.43         27            0             10.2          13.8 
C15            16.71         9.5           27            0             12.5          16.12 
C16            12.38         26.66         1             0             9.44          13.25 
C17            25.69         6.34          6             0             5.73          8.72 
C18            11.62         24            27            0             5.9           10.16 
C19            10.24         3.02          23            0             6.55          10.48 
C20            3.54          26.16         18            0             0             3.92 
C21            17.86         19.36         13            0             2.18          6.7 
C22            3.77          7.84          1             0             0             3.85 
C23            14.2          19.64         13            0             0             3.02 
C24            15.88         5.54          21            0             5.85          9.52 
C25            1.32          19.32         23            0             7.51          8.14 
C26            20.5          25.33         16            0             0             2.91 
C27            16.76         19.84         8             0             8.09          9.96 
C28            27.5          17.66         24            0             8.54          10.02 
C29            19.41         20.67         15            0             5.91          8.79 
C30            20.49         14.03         24            0             6.91          8.44 
C31            20.9          7.67          8             0             8.01          11.25 
C32            2.75          25.4          5             0             10.29         13 
C33            16.1          19.74         3             0             2.36          6.11 
C34            0.43          1.12          9             0             8.68          12.63 
C35            13.57         9.41          11            0             2.6           3.42 
C36            0.3           9.16          7             0             5.7           8.71 
C37            0.45          23.35         10            0             7.57          9.62 
C38            22.69         23.13         13            0             9.76          13.85 
C39            19.12         20.2          13            0             0             3.62 
C40            7             21.44         8             0             12.49         15.17 
C41            28.88         0.86          24            0             0             4.79 
C42            19.6          2.11          14            0             0             1.8 
C43            22.78         15.42         27            0             5.81          7.59 
C44            13.51         8.05          1             0             2.33          8.69 
C45            0.51          11.06         5             0             5.48          7.08 
C46            4.31          23.12         20            0             7.26          9.82 
C47            19.68         25.62         5             0             2.8           5.41 
C48            16.32         3.73          3             0             2.57          7.84 
C49            7.14          25.9          13            0             8.83          10.99 
C50            1.04          13.47         6             0             5.41          8.08 
C51            17.46         2.56          28            0             2.39          6.6 
C52            23.49         17.75         5             0             2.67          4.44 
C53            11.96         15.15         17            0             5.22          8.63 
C54            22.85         14.85         2             0             2.86          5.49 
C55            28.47         6.08          23            0             0             2.67 
C56            6.52          19.42         17            0             0             3.63 
C57            26.85         25.82         6             0             1.75          7.13 
C58            21.48         10.3          21            0             9.86          13.59 
C59            29.08         2.62          18            0             0             1.28 
C60            22.54         18.26         14            0             7.5           11.04 
C61            4.46          7.85          7             0             7.21          9.2 
C62            21.61         23.16         4             0             11.12         12.06 
C63            6.82          21.1          13            0             0             1.43 
C64            6.48          2.46          25            0             9.21          10.52 
C65            26.7          3.44          27            0             0             5.97 
C66            7.03          28.12         1             0             1.75          3.93 
C67            20.3          3.86          2             0             3.47          6.36 
C68            17.02         12.33         17            0             2.07          4.74 
C69            0.2           24.8          3             0             9.67          13.32 
C70            13.97         18.49         4             0             0             2.77 
C71            1.88          3.33          13            0             6.85          8.41 
C72            14.25         23.83         1             0             9             11.37 
C73            27.22         11.98         16            0             6             8.98 
C74            22.05         7.74          10            0             0             2.77 
C75            3.08          21.03         13            0             6.89          8.78 
C76            12.66         26.02         3             0             8.36          10.44 
C77            3.69          14.33         21            0             6.45          9.56 
C78            26.93         13.06         24            0             5.45          7.11 
C79            1.57          19.84         19            0             6.67          9.32 
C80            19.01         14.36         13            0             6.91          11.01 
C81            14.24         18.8          19            0             0             2.32 
C82            20.49         13.59         8             0             5.73          7.83 
C83            3.3           17.86         1             0             5.88          10.3 
C84            28.72         20.92         29            0             10.53         13.09 
C85            7.49          6.59          24            0             10.29         12.8 
C86            12.19         16.11         1             0             8.88          10.81 
C87            17.52         0.97          10            0             4.33          8.18 
C88            10.35         6.18          11            0             2.65          3.52 
C89            13.61         21.12         17            0             0             6.16 
C90            0.26          14.37         13            0             6.46          8.66 
C91            12.58         26.64         16            0             0             4.86 
C92            21.57         24.07         2             0             0             3.39 
C93            14.5          0.3           22            0             8.83          13.45 
C94            25.6          22.91         2             0             9.99          13.45 
C95            10.92         4.13          8             0             4.84          8.13 
C96            26.65         20.04         28            0             0             2.18 
C97            18.63         4.3           24            0             0             5.74 
C98            7.29          16.28         12            0             9.72          13.25 
C99            4.34          9.51          5             0             3             6.92 
C100           0             0             0             0             1.67          4.06 
