64             5             3 
60
21.2133       21.2133       16.9737       

H0             0            -7             0             0             0             60 
H1             0             7             0             0             0             60 
H2            -3            -2             0             0             0             60 
H3             6            -1             0             0             0             60 
H4             3            -4             0             0             0             60 
H5             3            -2             0             0             0             60 
H6            -5             0             0             0             0             60 
C2            -1            -6             6             0             0             5.46 
C3             1            -6             6             0             10.78         11.92 
C4            -2            -5             12            0             1.08          6.5 
C5             0            -5             6             0             4.93          6.09 
C6             2            -5             12            0             7.1           11.15 
C7            -3            -4             18            0             0             8.08 
C8            -1            -4             12            0             2.83          6.72 
C9             1            -4             12            0             4.49          7.07 
C10            3            -4             18            0             0             1.74 
C11           -4            -3             24            0             3.6           10.46 
C12           -2            -3             18            0             5.54          7.99 
C13            0            -3             12            0             0             6 
C14            2            -3             18            0             4.02          9.3 
C15            4            -3             24            0             15.17         24.45 
C16           -5            -2             30            0             2.95          8.82 
C17           -3            -2             24            0             17.84         22.13 
C18           -1            -2             18            0             13.29         18.99 
C19            1            -2             18            0             5.62          8.96 
C20            3            -2             24            0             15.38         21.76 
C21            5            -2             30            0             16.89         23.2 
C22           -6            -1             36            0             3.84          12.44 
C23           -4            -1             30            0             18.44         20.16 
C24           -2            -1             24            0             0             1.84 
C25            0            -1             18            0             0             3.61 
C26            2            -1             24            0             6.94          12.76 
C27            4            -1             30            0             12.27         17.56 
C28            6            -1             36            0             18.35         21.46 
C29           -7             0             42            0             7.88          10.84 
C30           -5             0             36            0             17.15         21.13 
C31           -3             0             30            0             1.11          5.56 
C32           -1             0             24            0             2.94          10.7 
C33            1             0             24            0             11.05         14.52 
C34            3             0             30            0             10.77         17.32 
C35            5             0             36            0             0             4.58 
C36            7             0             42            0             0             5.28 
C37           -6             1             36            0             10.39         16.04 
C38           -4             1             30            0             16.7          18.57 
C39           -2             1             24            0             3.6           5.79 
C40            0             1             18            0             3.85          8.02 
C41            2             1             24            0             8.04          11.9 
C42            4             1             30            0             3.75          6.21 
C43            6             1             36            0             1.27          5.7 
C44           -5             2             30            0             12.34         15.8 
C45           -3             2             24            0             11.84         16.99 
C46           -1             2             18            0             17.18         20.45 
C47            1             2             18            0             5.44          10.87 
C48            3             2             24            0             9.76          10.63 
C49            5             2             30            0             3.85          12.14 
C50           -4             3             24            0             12.77         18.28 
C51           -2             3             18            0             6.3           14.01 
C52            0             3             12            0             17.56         23.87 
C53            2             3             18            0             9.62          11.75 
C54            4             3             24            0             6.9           10.93 
C55           -3             4             18            0             8.25          16.26 
C56           -1             4             12            0             0             6.14 
C57            1             4             12            0             17.78         21.64 
C58            3             4             18            0             12.42         15.91 
C59           -2             5             12            0             0             3.55 
C60            0             5             6             0             6.34          12.23 
C61            2             5             12            0             11.5          18.54 
C62           -1             6             6             0             16.87         17.46 
C63            1             6             6             0             12.68         16.22 
C64            0             0             0             0             7.75          12.96 
