64             5             3 
65
22.6275       21.7991       19.8037       

H0             0            -7             0             0             0             65 
H1             0             7             0             0             0             65 
H2             4             3             0             0             0             65 
H3            -2            -1             0             0             0             65 
H4             3            -4             0             0             0             65 
H5             3            -2             0             0             0             65 
H6            -5             0             0             0             0             65 
C2            -1            -6             6             0             0             4.01 
C3             1            -6             6             0             0             3.68 
C4            -2            -5             12            0             4.37          11.26 
C5             0            -5             6             0             0             5.15 
C6             2            -5             12            0             0             6.87 
C7            -3            -4             18            0             5.89          12.72 
C8            -1            -4             12            0             3.71          11.55 
C9             1            -4             12            0             11.15         15.98 
C10            3            -4             18            0             1.35          5.53 
C11           -4            -3             24            0             0             2.83 
C12           -2            -3             18            0             9.58          9.99 
C13            0            -3             12            0             17.1          26.58 
C14            2            -3             18            0             0             7.46 
C15            4            -3             24            0             0             11.32 
C16           -5            -2             30            0             0             6.5 
C17           -3            -2             24            0             0             2.57 
C18           -1            -2             18            0             18.05         26.84 
C19            1            -2             18            0             4.63          11.49 
C20            3            -2             24            0             5.32          9.48 
C21            5            -2             30            0             13.23         22.06 
C22           -6            -1             36            0             5.7           8.98 
C23           -4            -1             30            0             1.83          9.2 
C24           -2            -1             24            0             18.36         23.53 
C25            0            -1             18            0             10.39         17.5 
C26            2            -1             24            0             5.84          13.53 
C27            4            -1             30            0             8.22          20.36 
C28            6            -1             36            0             10.47         21.8 
C29           -7             0             42            0             9.05          13.54 
C30           -5             0             36            0             6.68          8.86 
C31           -3             0             30            0             18.65         24.36 
C32           -1             0             24            0             7.24          15.95 
C33            1             0             24            0             6.92          13.37 
C34            3             0             30            0             7.38          13.91 
C35            5             0             36            0             10.17         19.08 
C36            7             0             42            0             15.14         19.71 
C37           -6             1             36            0             9.73          16.53 
C38           -4             1             30            0             17.55         20.06 
C39           -2             1             24            0             10.99         14.53 
C40            0             1             18            0             8.83          17.02 
C41            2             1             24            0             5.86          11.1 
C42            4             1             30            0             9.34          12.14 
C43            6             1             36            0             14.55         21.37 
C44           -5             2             30            0             9.21          17.67 
C45           -3             2             24            0             11.23         20.23 
C46           -1             2             18            0             12.66         18.66 
C47            1             2             18            0             5.64          6.25 
C48            3             2             24            0             0             6.17 
C49            5             2             30            0             21.07         25.79 
C50           -4             3             24            0             10.94         15.9 
C51           -2             3             18            0             13.86         17.05 
C52            0             3             12            0             0             10.06 
C53            2             3             18            0             0             6.85 
C54            4             3             24            0             18.49         26.44 
C55           -3             4             18            0             14.77         17.87 
C56           -1             4             12            0             7.71          9.34 
C57            1             4             12            0             13.52         15.83 
C58            3             4             18            0             0             3.74 
C59           -2             5             12            0             11.84         17.19 
C60            0             5             6             0             10.68         16.98 
C61            2             5             12            0             16.64         22.86 
C62           -1             6             6             0             17.27         20.06 
C63            1             6             6             0             6.29          8.46 
C64            0             0             0             0             16.8          22.78 
