100            15            5 
60
13.5305       13.9675       11.9894       13.3978       6.42528       

H0             18.19         6.32          0             0             0             60 
H1             2.38          18.26         0             0             0             60 
H2             16.71         9.5           0             0             0             60 
H3             14.91         17.24         0             0             0             60 
H4             12.58         26.64         0             0             0             60 
H5             4.31          23.12         0             0             0             60 
H6             18.43         29.93         0             0             0             60 
H7             7.14          0.48          0             0             0             60 
H8             11.62         24            0             0             0             60 
H9             15.88         5.54          0             0             0             60 
H10            20.49         14.03         0             0             0             60 
H11            0.3           9.16          0             0             0             60 
H12            19.6          2.11          0             0             0             60 
H13            16.32         3.73          0             0             0             60 
H14            22.85         14.85         0             0             0             60 
H15            22.54         18.26         0             0             0             60 
H16            7.03          28.12         0             0             0             60 
C2             15.52         28.03         7             0             21.4          29.94 
C3             9             28.01         5             0             6.86          10.05 
C4             16.93         2.09          24            0             2.34          7.25 
C5             8.64          19.85         3             0             0             1.18 
C6             18.43         29.93         23            0             8.58          10.3 
C7             3.94          10.77         3             0             5.96          10.37 
C8             14.78         7.61          26            0             9.28          12.19 
C9             2.41          25.06         24            0             9.05          11.21 
C10            18.41         11.88         16            0             0             4.65 
C11            14.91         17.24         21            0             13.5          15.74 
C12            7.14          0.48          6             0             6.24          9.98 
C13            13.44         24.76         17            0             6.43          11.44 
C14            17.54         29.43         27            0             2.59          3.65 
C15            16.71         9.5           27            0             10.96         15.23 
C16            12.38         26.66         1             0             0             1.97 
C17            25.69         6.34          6             0             5.14          9.32 
C18            11.62         24            27            0             7.6           10.19 
C19            10.24         3.02          23            0             9.33          11.32 
C20            3.54          26.16         18            0             8.06          11.44 
C21            17.86         19.36         13            0             7.26          9.48 
C22            3.77          7.84          1             0             0             1 
C23            14.2          19.64         13            0             1.63          3.77 
C24            15.88         5.54          21            0             7.22          8.82 
C25            1.32          19.32         23            0             4.46          5.65 
C26            20.5          25.33         16            0             4.82          8.11 
C27            16.76         19.84         8             0             4.88          8.95 
C28            27.5          17.66         24            0             1.82          2.01 
C29            19.41         20.67         15            0             11.18         15.15 
C30            20.49         14.03         24            0             3.71          11.14 
C31            20.9          7.67          8             0             4.07          8.29 
C32            2.75          25.4          5             0             8.7           12.4 
C33            16.1          19.74         3             0             8.85          11.75 
C34            0.43          1.12          9             0             3.54          6.25 
C35            13.57         9.41          11            0             0             2.41 
C36            0.3           9.16          7             0             0             2.02 
C37            0.45          23.35         10            0             4.18          9.95 
C38            22.69         23.13         13            0             5.08          7.39 
C39            19.12         20.2          13            0             6.45          8.64 
C40            7             21.44         8             0             5.15          7 
C41            28.88         0.86          24            0             10.04         13.27 
C42            19.6          2.11          14            0             4.22          6.31 
C43            22.78         15.42         27            0             10.63         12.33 
C44            13.51         8.05          1             0             7.67          10.76 
C45            0.51          11.06         5             0             2.89          5.35 
C46            4.31          23.12         20            0             12.25         13.57 
C47            19.68         25.62         5             0             0             3.4 
C48            16.32         3.73          3             0             4.02          9.26 
C49            7.14          25.9          13            0             3.06          5.95 
C50            1.04          13.47         6             0             0             2.02 
C51            17.46         2.56          28            0             2.76          4.34 
C52            23.49         17.75         5             0             0             1.27 
C53            11.96         15.15         17            0             11.12         13.56 
C54            22.85         14.85         2             0             1.26          5.81 
C55            28.47         6.08          23            0             4.9           8.13 
C56            6.52          19.42         17            0             9.15          13.49 
C57            26.85         25.82         6             0             6.61          8.08 
C58            21.48         10.3          21            0             6.62          8.11 
C59            29.08         2.62          18            0             0             3.51 
C60            22.54         18.26         14            0             6.18          11.78 
C61            4.46          7.85          7             0             9.47          11.28 
C62            21.61         23.16         4             0             7.4           11.5 
C63            6.82          21.1          13            0             8.75          11.1 
C64            6.48          2.46          25            0             0             2.73 
C65            26.7          3.44          27            0             0             3.49 
C66            7.03          28.12         1             0             8.61          11.54 
C67            20.3          3.86          2             0             4.89          8.34 
C68            17.02         12.33         17            0             1.91          4.44 
C69            0.2           24.8          3             0             4.38          8.58 
C70            13.97         18.49         4             0             0             2.32 
C71            1.88          3.33          13            0             2.9           5.9 
C72            14.25         23.83         1             0             9.55          11.91 
C73            27.22         11.98         16            0             8.12          11.9 
C74            22.05         7.74          10            0             9.53          11.77 
C75            3.08          21.03         13            0             2.03          3.22 
C76            12.66         26.02         3             0             9.45          12.67 
C77            3.69          14.33         21            0             9.16          11.01 
C78            26.93         13.06         24            0             8.95          10.43 
C79            1.57          19.84         19            0             3.24          5.38 
C80            19.01         14.36         13            0             7.55          12.73 
C81            14.24         18.8          19            0             0             5.44 
C82            20.49         13.59         8             0             5.16          8.06 
C83            3.3           17.86         1             0             10.18         11.16 
C84            28.72         20.92         29            0             2.25          4.81 
C85            7.49          6.59          24            0             8.03          10.29 
C86            12.19         16.11         1             0             0             3.81 
C87            17.52         0.97          10            0             5.22          10.31 
C88            10.35         6.18          11            0             0             1.67 
C89            13.61         21.12         17            0             2.53          6.63 
C90            0.26          14.37         13            0             6.03          8.7 
C91            12.58         26.64         16            0             10.03         14.93 
C92            21.57         24.07         2             0             11.51         14.97 
C93            14.5          0.3           22            0             10.31         11.93 
C94            25.6          22.91         2             0             1.04          4.19 
C95            10.92         4.13          8             0             8.04          9.15 
C96            26.65         20.04         28            0             0             3.68 
C97            18.63         4.3           24            0             0             4.54 
C98            7.29          16.28         12            0             8.31          11.87 
C99            4.34          9.51          5             0             9.11          12.48 
C100           0             0             0             0             7.44          12.54 
