100            15            8 
170
23.9768       22.5375       23.3124       21.6495       21.612        22.9469       22.2812       11.6845       

H0             18.19         6.32          0             0             0             170 
H1             2.38          18.26         0             0             0             170 
H2             28.47         6.08          0             0             0             170 
H3             22.69         23.13         0             0             0             170 
H4             13.61         21.12         0             0             0             170 
H5             20.49         14.03         0             0             0             170 
H6             17.46         2.56          0             0             0             170 
H7             4.46          7.85          0             0             0             170 
H8             3.54          26.16         0             0             0             170 
H9             18.43         29.93         0             0             0             170 
H10            7.14          0.48          0             0             0             170 
H11            11.62         24            0             0             0             170 
H12            15.88         5.54          0             0             0             170 
H13            20.9          7.67          0             0             0             170 
H14            0.3           9.16          0             0             0             170 
H15            19.6          2.11          0             0             0             170 
H16            16.32         3.73          0             0             0             170 
C2             15.52         28.03         7             0             12.25         16.7 
C3             9             28.01         5             0             0             0 
C4             16.93         2.09          24            0             0             3.81 
C5             8.64          19.85         3             0             0             0 
C6             18.43         29.93         23            0             7.46          12.69 
C7             3.94          10.77         3             0             0             5.57 
C8             14.78         7.61          26            0             7.71          13.19 
C9             2.41          25.06         24            0             0             3.68 
C10            18.41         11.88         16            0             1.65          6.29 
C11            14.91         17.24         21            0             3.27          4.64 
C12            7.14          0.48          6             0             1.65          8.84 
C13            13.44         24.76         17            0             16.67         19.28 
C14            17.54         29.43         27            0             8.07          10.26 
C15            16.71         9.5           27            0             3.26          12.36 
C16            12.38         26.66         1             0             21.86         24.63 
C17            25.69         6.34          6             0             10.51         12.55 
C18            11.62         24            27            0             18.22         24.44 
C19            10.24         3.02          23            0             5.47          17.56 
C20            3.54          26.16         18            0             16.89         24.61 
C21            17.86         19.36         13            0             7.72          10.21 
C22            3.77          7.84          1             0             16.37         18.05 
C23            14.2          19.64         13            0             0             6.16 
C24            15.88         5.54          21            0             13.03         19.3 
C25            1.32          19.32         23            0             9.2           10.71 
C26            20.5          25.33         16            0             0             7.5 
C27            16.76         19.84         8             0             5.86          11.69 
C28            27.5          17.66         24            0             8.81          14.57 
C29            19.41         20.67         15            0             5.74          11.17 
C30            20.49         14.03         24            0             19.98         23.49 
C31            20.9          7.67          8             0             1.61          3.94 
C32            2.75          25.4          5             0             0             2.28 
C33            16.1          19.74         3             0             2.14          8.31 
C34            0.43          1.12          9             0             0             7.23 
C35            13.57         9.41          11            0             13.02         18.36 
C36            0.3           9.16          7             0             9.29          11.83 
C37            0.45          23.35         10            0             1.37          4.24 
C38            22.69         23.13         13            0             21.7          28.97 
C39            19.12         20.2          13            0             9.42          12.99 
C40            7             21.44         8             0             9.94          18.5 
C41            28.88         0.86          24            0             15.26         23.79 
C42            19.6          2.11          14            0             19.03         22.73 
C43            22.78         15.42         27            0             15.84         20.03 
C44            13.51         8.05          1             0             5.72          10.39 
C45            0.51          11.06         5             0             15            23.13 
C46            4.31          23.12         20            0             18.45         20.94 
C47            19.68         25.62         5             0             1.17          8.2 
C48            16.32         3.73          3             0             14.37         24.11 
C49            7.14          25.9          13            0             9.01          18.41 
C50            1.04          13.47         6             0             3.77          9.27 
C51            17.46         2.56          28            0             19.61         22.28 
C52            23.49         17.75         5             0             13.49         16.66 
C53            11.96         15.15         17            0             0             6.6 
C54            22.85         14.85         2             0             13.21         24.38 
C55            28.47         6.08          23            0             21.15         25.68 
C56            6.52          19.42         17            0             10.24         16.58 
C57            26.85         25.82         6             0             6.43          9.86 
C58            21.48         10.3          21            0             2.67          11.13 
C59            29.08         2.62          18            0             14.11         20.51 
C60            22.54         18.26         14            0             13.41         21.27 
C61            4.46          7.85          7             0             21.85         23.32 
C62            21.61         23.16         4             0             0             3.1 
C63            6.82          21.1          13            0             11.92         17.67 
C64            6.48          2.46          25            0             13.78         21.19 
C65            26.7          3.44          27            0             12            19.2 
C66            7.03          28.12         1             0             8.85          13.27 
C67            20.3          3.86          2             0             3.84          9.75 
C68            17.02         12.33         17            0             5.32          7.27 
C69            0.2           24.8          3             0             10.09         12.45 
C70            13.97         18.49         4             0             0             3.04 
C71            1.88          3.33          13            0             0             2.86 
C72            14.25         23.83         1             0             20.37         24.98 
C73            27.22         11.98         16            0             2.68          6.53 
C74            22.05         7.74          10            0             7.56          12.14 
C75            3.08          21.03         13            0             6.49          10.13 
C76            12.66         26.02         3             0             14.06         18.24 
C77            3.69          14.33         21            0             4.75          8.87 
C78            26.93         13.06         24            0             3.8           13.47 
C79            1.57          19.84         19            0             9.4           10.03 
C80            19.01         14.36         13            0             0             3.47 
C81            14.24         18.8          19            0             0             8.52 
C82            20.49         13.59         8             0             0             2.43 
C83            3.3           17.86         1             0             15.41         22.59 
C84            28.72         20.92         29            0             12.11         16.26 
C85            7.49          6.59          24            0             13.27         21.73 
C86            12.19         16.11         1             0             3.72          12.13 
C87            17.52         0.97          10            0             0             2.14 
C88            10.35         6.18          11            0             1.75          3.92 
C89            13.61         21.12         17            0             22.12         28.09 
C90            0.26          14.37         13            0             0             1.96 
C91            12.58         26.64         16            0             12.74         18.91 
C92            21.57         24.07         2             0             0             2.37 
C93            14.5          0.3           22            0             0             9.89 
C94            25.6          22.91         2             0             11.47         15.28 
C95            10.92         4.13          8             0             6.02          13.01 
C96            26.65         20.04         28            0             13.41         17.83 
C97            18.63         4.3           24            0             14.48         19.4 
C98            7.29          16.28         12            0             8             11.29 
C99            4.34          9.51          5             0             0             5.62 
C100           0             0             0             0             2.39          6.96 
