100            15            6 
60
10.8292       10.142        10.9362       13.0759       10.327        4.0002        

H0             18.19         6.32          0             0             0             60 
H1             2.38          18.26         0             0             0             60 
H2             14.78         7.61          0             0             0             60 
H3             20.49         14.03         0             0             0             60 
H4             13.61         21.12         0             0             0             60 
H5             7.14          25.9          0             0             0             60 
H6             3.08          21.03         0             0             0             60 
H7             18.43         29.93         0             0             0             60 
H8             7.14          0.48          0             0             0             60 
H9             11.62         24            0             0             0             60 
H10            15.88         5.54          0             0             0             60 
H11            20.9          7.67          0             0             0             60 
H12            0.3           9.16          0             0             0             60 
H13            19.6          2.11          0             0             0             60 
H14            16.32         3.73          0             0             0             60 
H15            22.85         14.85         0             0             0             60 
H16            22.54         18.26         0             0             0             60 
C2             15.52         28.03         7             0             21.4          29.94 
C3             9             28.01         5             0             6.86          10.05 
C4             16.93         2.09          24            0             4.03          5.96 
C5             8.64          19.85         3             0             0             1.18 
C6             18.43         29.93         23            0             8.58          10.3 
C7             3.94          10.77         3             0             5.96          10.37 
C8             14.78         7.61          26            0             8.99          11.6 
C9             2.41          25.06         24            0             3.66          7.11 
C10            18.41         11.88         16            0             5.38          7.96 
C11            14.91         17.24         21            0             5.23          8.6 
C12            7.14          0.48          6             0             6.24          9.98 
C13            13.44         24.76         17            0             3.75          7.25 
C14            17.54         29.43         27            0             2.59          3.65 
C15            16.71         9.5           27            0             1.21          3.21 
C16            12.38         26.66         1             0             7.26          9.24 
C17            25.69         6.34          6             0             1.21          2.66 
C18            11.62         24            27            0             0             4.86 
C19            10.24         3.02          23            0             6.11          9.92 
C20            3.54          26.16         18            0             2.98          6.35 
C21            17.86         19.36         13            0             9.69          11.31 
C22            3.77          7.84          1             0             4.4           5.02 
C23            14.2          19.64         13            0             8.69          10.97 
C24            15.88         5.54          21            0             7.15          10.68 
C25            1.32          19.32         23            0             2.45          2.69 
C26            20.5          25.33         16            0             7.38          8.69 
C27            16.76         19.84         8             0             3.21          8.4 
C28            27.5          17.66         24            0             1.23          3.9 
C29            19.41         20.67         15            0             2.5           5.54 
C30            20.49         14.03         24            0             8.98          12.07 
C31            20.9          7.67          8             0             9.13          12.72 
C32            2.75          25.4          5             0             3.39          6.79 
C33            16.1          19.74         3             0             0             3.72 
C34            0.43          1.12          9             0             8.47          10.8 
C35            13.57         9.41          11            0             5.82          8.2 
C36            0.3           9.16          7             0             7.42          11.43 
C37            0.45          23.35         10            0             5.07          7.45 
C38            22.69         23.13         13            0             8.73          9.58 
C39            19.12         20.2          13            0             7.65          8.01 
C40            7             21.44         8             0             0             2.06 
C41            28.88         0.86          24            0             8.74          10.08 
C42            19.6          2.11          14            0             2.64          5.79 
C43            22.78         15.42         27            0             3.8           7.52 
C44            13.51         8.05          1             0             0             3.77 
C45            0.51          11.06         5             0             2.24          5.62 
C46            4.31          23.12         20            0             6.94          10.74 
C47            19.68         25.62         5             0             7.52          9.39 
C48            16.32         3.73          3             0             5.32          7.51 
C49            7.14          25.9          13            0             12.79         14.81 
C50            1.04          13.47         6             0             2.78          4.68 
C51            17.46         2.56          28            0             2.41          4.94 
C52            23.49         17.75         5             0             7.5           10.46 
C53            11.96         15.15         17            0             8.12          9.35 
C54            22.85         14.85         2             0             0             3.94 
C55            28.47         6.08          23            0             5.63          8.68 
C56            6.52          19.42         17            0             8.4           10.63 
C57            26.85         25.82         6             0             0             2.66 
C58            21.48         10.3          21            0             3.41          4.94 
C59            29.08         2.62          18            0             0             1.31 
C60            22.54         18.26         14            0             4.99          9.24 
C61            4.46          7.85          7             0             6.12          9.78 
C62            21.61         23.16         4             0             9.07          10.96 
C63            6.82          21.1          13            0             6.65          8.04 
C64            6.48          2.46          25            0             0             1.9 
C65            26.7          3.44          27            0             4.14          6.97 
C66            7.03          28.12         1             0             5.27          8.13 
C67            20.3          3.86          2             0             2.61          6.47 
C68            17.02         12.33         17            0             5.19          7.01 
C69            0.2           24.8          3             0             0             4.52 
C70            13.97         18.49         4             0             7.03          9.2 
C71            1.88          3.33          13            0             8.54          9.25 
C72            14.25         23.83         1             0             3.26          4.72 
C73            27.22         11.98         16            0             4.62          7.52 
C74            22.05         7.74          10            0             2.21          3.37 
C75            3.08          21.03         13            0             9.87          11.07 
C76            12.66         26.02         3             0             4.79          8.92 
C77            3.69          14.33         21            0             3.22          5.26 
C78            26.93         13.06         24            0             8.2           8.62 
C79            1.57          19.84         19            0             1.49          3.01 
C80            19.01         14.36         13            0             0             1.59 
C81            14.24         18.8          19            0             6.43          9.44 
C82            20.49         13.59         8             0             8.75          10.43 
C83            3.3           17.86         1             0             1.78          3.2 
C84            28.72         20.92         29            0             6.27          8.38 
C85            7.49          6.59          24            0             3.81          5.71 
C86            12.19         16.11         1             0             6.38          7.8 
C87            17.52         0.97          10            0             6.42          10.86 
C88            10.35         6.18          11            0             1.48          4.15 
C89            13.61         21.12         17            0             10.56         12.19 
C90            0.26          14.37         13            0             3.33          5.46 
C91            12.58         26.64         16            0             5.25          10.06 
C92            21.57         24.07         2             0             0             3.92 
C93            14.5          0.3           22            0             0             3 
C94            25.6          22.91         2             0             5.71          7.54 
C95            10.92         4.13          8             0             4.43          5.45 
C96            26.65         20.04         28            0             7.41          9.73 
C97            18.63         4.3           24            0             0             2.25 
C98            7.29          16.28         12            0             8.57          11.46 
C99            4.34          9.51          5             0             1.09          2.65 
C100           0             0             0             0             4.23          7.77 
