100            10            5 
50
10.8292       10.142        10.9362       10.8739       7.03917       

H0             18.19         6.32          0             0             0             50 
H1             2.38          18.26         0             0             0             50 
H2             14.78         7.61          0             0             0             50 
H3             20.49         14.03         0             0             0             50 
H4             13.61         21.12         0             0             0             50 
H5             6.52          19.42         0             0             0             50 
H6             2.41          25.06         0             0             0             50 
H7             11.62         24            0             0             0             50 
H8             16.76         19.84         0             0             0             50 
H9             0.3           9.16          0             0             0             50 
H10            0.51          11.06         0             0             0             50 
H11            22.85         14.85         0             0             0             50 
C2             15.52         28.03         7             0             21.4          29.94 
C3             9             28.01         5             0             6.86          10.05 
C4             16.93         2.09          24            0             3.08          7.37 
C5             8.64          19.85         3             0             0             1.18 
C6             18.43         29.93         23            0             8.58          10.3 
C7             3.94          10.77         3             0             5.96          10.37 
C8             14.78         7.61          26            0             10.31         11.59 
C9             2.41          25.06         24            0             8.76          12.68 
C10            18.41         11.88         16            0             5.42          8.1 
C11            14.91         17.24         21            0             4.58          7.07 
C12            7.14          0.48          6             0             9.01          11.45 
C13            13.44         24.76         17            0             2.01          5.61 
C14            17.54         29.43         27            0             0             1 
C15            16.71         9.5           27            0             2.67          3.32 
C16            12.38         26.66         1             0             1.18          4.12 
C17            25.69         6.34          6             0             0             3.88 
C18            11.62         24            27            0             2.64          6.72 
C19            10.24         3.02          23            0             0             4.97 
C20            3.54          26.16         18            0             7.99          11.22 
C21            17.86         19.36         13            0             8.34          10.67 
C22            3.77          7.84          1             0             6.07          9.67 
C23            14.2          19.64         13            0             7.86          11.43 
C24            15.88         5.54          21            0             7.64          9.55 
C25            1.32          19.32         23            0             5.23          5.99 
C26            20.5          25.33         16            0             3.46          4.9 
C27            16.76         19.84         8             0             0             2.39 
C28            27.5          17.66         24            0             4.77          10.06 
C29            19.41         20.67         15            0             1.78          2.59 
C30            20.49         14.03         24            0             9.77          11.28 
C31            20.9          7.67          8             0             5.06          8.11 
C32            2.75          25.4          5             0             8.43          11.12 
C33            16.1          19.74         3             0             0             3.74 
C34            0.43          1.12          9             0             5.4           7.13 
C35            13.57         9.41          11            0             6.55          8.7 
C36            0.3           9.16          7             0             0             2.31 
C37            0.45          23.35         10            0             4.09          6.31 
C38            22.69         23.13         13            0             3.88          6.23 
C39            19.12         20.2          13            0             1.21          5.78 
C40            7             21.44         8             0             7.79          10.24 
C41            28.88         0.86          24            0             0             2.73 
C42            19.6          2.11          14            0             7.3           8.7 
C43            22.78         15.42         27            0             5.82          8.65 
C44            13.51         8.05          1             0             7.57          10.72 
C45            0.51          11.06         5             0             1.33          3.81 
C46            4.31          23.12         20            0             7.46          10.22 
C47            19.68         25.62         5             0             7.34          10.26 
C48            16.32         3.73          3             0             4.77          7.91 
C49            7.14          25.9          13            0             0             1 
C50            1.04          13.47         6             0             6.96          8.25 
C51            17.46         2.56          28            0             3.84          6.08 
C52            23.49         17.75         5             0             6.72          8.14 
C53            11.96         15.15         17            0             5.06          7.16 
C54            22.85         14.85         2             0             3.15          6.19 
C55            28.47         6.08          23            0             2.64          5.94 
C56            6.52          19.42         17            0             8.84          13.28 
C57            26.85         25.82         6             0             6.54          9.11 
C58            21.48         10.3          21            0             0             1 
C59            29.08         2.62          18            0             2.5           5.2 
C60            22.54         18.26         14            0             7.37          10.27 
C61            4.46          7.85          7             0             2.26          6.84 
C62            21.61         23.16         4             0             2.44          4.97 
C63            6.82          21.1          13            0             8.58          9.64 
C64            6.48          2.46          25            0             9.08          11.31 
C65            26.7          3.44          27            0             6.16          7.5 
C66            7.03          28.12         1             0             2.46          6.48 
C67            20.3          3.86          2             0             3.59          5.15 
C68            17.02         12.33         17            0             3.78          6.04 
C69            0.2           24.8          3             0             4.85          8.5 
C70            13.97         18.49         4             0             6.27          8.11 
C71            1.88          3.33          13            0             6.04          8.06 
C72            14.25         23.83         1             0             7.28          8.76 
C73            27.22         11.98         16            0             5.57          8.9 
C74            22.05         7.74          10            0             3.41          3.97 
C75            3.08          21.03         13            0             3.3           6.77 
C76            12.66         26.02         3             0             8.1           10 
C77            3.69          14.33         21            0             7.49          11.39 
C78            26.93         13.06         24            0             5.98          9.63 
C79            1.57          19.84         19            0             4.24          4.99 
C80            19.01         14.36         13            0             0             3.3 
C81            14.24         18.8          19            0             5.96          10.25 
C82            20.49         13.59         8             0             8.6           10.62 
C83            3.3           17.86         1             0             1.6           5.37 
C84            28.72         20.92         29            0             7.32          8.25 
C85            7.49          6.59          24            0             0             2.84 
C86            12.19         16.11         1             0             0             2.43 
C87            17.52         0.97          10            0             5.75          7.26 
C88            10.35         6.18          11            0             4.26          5.68 
C89            13.61         21.12         17            0             9.69          11.47 
C90            0.26          14.37         13            0             3.61          5.25 
C91            12.58         26.64         16            0             2.03          2.93 
C92            21.57         24.07         2             0             8.42          10.57 
C93            14.5          0.3           22            0             4.13          5.06 
C94            25.6          22.91         2             0             4.68          7.26 
C95            10.92         4.13          8             0             6.85          7.8 
C96            26.65         20.04         28            0             0             3.61 
C97            18.63         4.3           24            0             1.68          3.84 
C98            7.29          16.28         12            0             1.53          5.83 
C99            4.34          9.51          5             0             2.51          4.5 
C100           0             0             0             0             4.69          7.19 
