100            15            10 
190
20.4634       21.028        20.7553       20.7687       20.1985       20.0743       23.3998       19.135        20.1136       3.99457       

H0             18.19         6.32          0             0             0             190 
H1             2.38          18.26         0             0             0             190 
H2             29.08         2.62          0             0             0             190 
H3             26.65         20.04         0             0             0             190 
H4             12.58         26.64         0             0             0             190 
H5             16.1          19.74         0             0             0             190 
H6             17.02         12.33         0             0             0             190 
H7             17.52         0.97          0             0             0             190 
H8             1.88          3.33          0             0             0             190 
H9             7.29          16.28         0             0             0             190 
H10            3.08          21.03         0             0             0             190 
H11            18.43         29.93         0             0             0             190 
H12            7.14          0.48          0             0             0             190 
H13            11.62         24            0             0             0             190 
H14            15.88         5.54          0             0             0             190 
H15            20.49         14.03         0             0             0             190 
H16            0.3           9.16          0             0             0             190 
C2             15.52         28.03         7             0             17.09         19.37 
C3             9             28.01         5             0             0             0 
C4             16.93         2.09          24            0             16.49         23.45 
C5             8.64          19.85         3             0             0             0 
C6             18.43         29.93         23            0             10.57         18.83 
C7             3.94          10.77         3             0             1.15          4.15 
C8             14.78         7.61          26            0             4.55          13.63 
C9             2.41          25.06         24            0             14.36         18.98 
C10            18.41         11.88         16            0             18.17         22.62 
C11            14.91         17.24         21            0             15.7          18.27 
C12            7.14          0.48          6             0             14.58         22.09 
C13            13.44         24.76         17            0             0             3.14 
C14            17.54         29.43         27            0             14.28         15.82 
C15            16.71         9.5           27            0             0             4.35 
C16            12.38         26.66         1             0             9.84          13.6 
C17            25.69         6.34          6             0             12.23         17.62 
C18            11.62         24            27            0             0             6.78 
C19            10.24         3.02          23            0             1.59          8.45 
C20            3.54          26.16         18            0             9.54          15.62 
C21            17.86         19.36         13            0             0             6.8 
C22            3.77          7.84          1             0             10.95         13.12 
C23            14.2          19.64         13            0             6.62          14.15 
C24            15.88         5.54          21            0             7.96          11.94 
C25            1.32          19.32         23            0             2.41          3.09 
C26            20.5          25.33         16            0             4.64          13.09 
C27            16.76         19.84         8             0             0             1.94 
C28            27.5          17.66         24            0             13            18.25 
C29            19.41         20.67         15            0             0             5.16 
C30            20.49         14.03         24            0             12.81         19.43 
C31            20.9          7.67          8             0             0             3.13 
C32            2.75          25.4          5             0             11.76         17.02 
C33            16.1          19.74         3             0             17.77         23.67 
C34            0.43          1.12          9             0             7.69          10.32 
C35            13.57         9.41          11            0             0             11.9 
C36            0.3           9.16          7             0             1.3           8.15 
C37            0.45          23.35         10            0             0             3.57 
C38            22.69         23.13         13            0             1.98          9.88 
C39            19.12         20.2          13            0             0             6.79 
C40            7             21.44         8             0             0             6.21 
C41            28.88         0.86          24            0             16.48         18.98 
C42            19.6          2.11          14            0             12.92         21.58 
C43            22.78         15.42         27            0             8.55          15.96 
C44            13.51         8.05          1             0             9.8           15.98 
C45            0.51          11.06         5             0             5.12          9.87 
C46            4.31          23.12         20            0             14.91         21.04 
C47            19.68         25.62         5             0             3.37          11.92 
C48            16.32         3.73          3             0             8.31          12.5 
C49            7.14          25.9          13            0             7.42          13.57 
C50            1.04          13.47         6             0             7.12          14.35 
C51            17.46         2.56          28            0             16.93         19.84 
C52            23.49         17.75         5             0             5.6           10.01 
C53            11.96         15.15         17            0             13.03         19.99 
C54            22.85         14.85         2             0             11.27         14.83 
C55            28.47         6.08          23            0             2.6           5.3 
C56            6.52          19.42         17            0             0             6.08 
C57            26.85         25.82         6             0             0             6.12 
C58            21.48         10.3          21            0             2.55          7.41 
C59            29.08         2.62          18            0             18.92         24.5 
C60            22.54         18.26         14            0             5.11          8.29 
C61            4.46          7.85          7             0             1.87          3.37 
C62            21.61         23.16         4             0             4.81          11.32 
C63            6.82          21.1          13            0             1.54          5.35 
C64            6.48          2.46          25            0             13.54         21.25 
C65            26.7          3.44          27            0             12.7          19.25 
C66            7.03          28.12         1             0             15.52         18.34 
C67            20.3          3.86          2             0             3.66          7.86 
C68            17.02         12.33         17            0             18.29         24.01 
C69            0.2           24.8          3             0             1.27          5.93 
C70            13.97         18.49         4             0             9.84          15.51 
C71            1.88          3.33          13            0             19.97         27.2 
C72            14.25         23.83         1             0             13.35         15.25 
C73            27.22         11.98         16            0             8.5           14.87 
C74            22.05         7.74          10            0             4.36          10.64 
C75            3.08          21.03         13            0             17.07         23.57 
C76            12.66         26.02         3             0             0             1.45 
C77            3.69          14.33         21            0             11.46         15.53 
C78            26.93         13.06         24            0             4.77          13.33 
C79            1.57          19.84         19            0             1.45          2.46 
C80            19.01         14.36         13            0             12.99         21.35 
C81            14.24         18.8          19            0             8.68          12.56 
C82            20.49         13.59         8             0             13.06         15.61 
C83            3.3           17.86         1             0             13.43         19.04 
C84            28.72         20.92         29            0             17.7          20.7 
C85            7.49          6.59          24            0             12.96         15 
C86            12.19         16.11         1             0             10.15         15.03 
C87            17.52         0.97          10            0             17.49         22.57 
C88            10.35         6.18          11            0             7.47          15.47 
C89            13.61         21.12         17            0             6.17          11.47 
C90            0.26          14.37         13            0             10.37         14.94 
C91            12.58         26.64         16            0             17.8          22.83 
C92            21.57         24.07         2             0             6.87          12.24 
C93            14.5          0.3           22            0             2.21          4.77 
C94            25.6          22.91         2             0             3.49          11.57 
C95            10.92         4.13          8             0             3.6           15.02 
C96            26.65         20.04         28            0             20.37         21.77 
C97            18.63         4.3           24            0             8.57          18.03 
C98            7.29          16.28         12            0             17.42         20.67 
C99            4.34          9.51          5             0             11.91         21.6 
C100           0             0             0             0             11.41         15.38 
