100            10            5 
60
13.5305       13.9675       11.9894       13.3978       6.42528       

H0             18.19         6.32          0             0             0             60 
H1             2.38          18.26         0             0             0             60 
H2             16.71         9.5           0             0             0             60 
H3             14.91         17.24         0             0             0             60 
H4             12.58         26.64         0             0             0             60 
H5             4.31          23.12         0             0             0             60 
H6             2.41          25.06         0             0             0             60 
H7             11.62         24            0             0             0             60 
H8             16.76         19.84         0             0             0             60 
H9             0.3           9.16          0             0             0             60 
H10            0.51          11.06         0             0             0             60 
H11            22.85         14.85         0             0             0             60 
C2             15.52         28.03         7             0             21.4          29.94 
C3             9             28.01         5             0             6.86          10.05 
C4             16.93         2.09          24            0             3.99          6.34 
C5             8.64          19.85         3             0             0             1.18 
C6             18.43         29.93         23            0             8.58          10.3 
C7             3.94          10.77         3             0             5.96          10.37 
C8             14.78         7.61          26            0             10.09         12.13 
C9             2.41          25.06         24            0             8.94          12.02 
C10            18.41         11.88         16            0             3.49          5.57 
C11            14.91         17.24         21            0             12.25         14.04 
C12            7.14          0.48          6             0             11            11.98 
C13            13.44         24.76         17            0             8.58          11.99 
C14            17.54         29.43         27            0             0             2.16 
C15            16.71         9.5           27            0             9.85          14.74 
C16            12.38         26.66         1             0             0             1.92 
C17            25.69         6.34          6             0             8.54          12.83 
C18            11.62         24            27            0             4.86          9.71 
C19            10.24         3.02          23            0             9.48          10.35 
C20            3.54          26.16         18            0             5.78          10.09 
C21            17.86         19.36         13            0             8.36          13.12 
C22            3.77          7.84          1             0             3.87          8.88 
C23            14.2          19.64         13            0             2.65          4.6 
C24            15.88         5.54          21            0             7.17          12.12 
C25            1.32          19.32         23            0             4.16          5.48 
C26            20.5          25.33         16            0             10.27         10.87 
C27            16.76         19.84         8             0             7.22          10.82 
C28            27.5          17.66         24            0             3.38          3.75 
C29            19.41         20.67         15            0             0             4.77 
C30            20.49         14.03         24            0             6.52          9.49 
C31            20.9          7.67          8             0             0             3.5 
C32            2.75          25.4          5             0             8             10.31 
C33            16.1          19.74         3             0             3.32          6.71 
C34            0.43          1.12          9             0             3.3           9.6 
C35            13.57         9.41          11            0             5.99          8.74 
C36            0.3           9.16          7             0             2.63          6.38 
C37            0.45          23.35         10            0             8.11          9.69 
C38            22.69         23.13         13            0             9.79          12.19 
C39            19.12         20.2          13            0             0             1.13 
C40            7             21.44         8             0             7.45          8.01 
C41            28.88         0.86          24            0             5.96          7.74 
C42            19.6          2.11          14            0             0             3.19 
C43            22.78         15.42         27            0             0             2.25 
C44            13.51         8.05          1             0             9.73          11.59 
C45            0.51          11.06         5             0             3.25          6.48 
C46            4.31          23.12         20            0             9.72          14.2 
C47            19.68         25.62         5             0             1.22          5.66 
C48            16.32         3.73          3             0             4.4           9.17 
C49            7.14          25.9          13            0             2.86          7.73 
C50            1.04          13.47         6             0             6.35          8.57 
C51            17.46         2.56          28            0             1.53          5.02 
C52            23.49         17.75         5             0             3.63          8.1 
C53            11.96         15.15         17            0             0             5.13 
C54            22.85         14.85         2             0             0             3.61 
C55            28.47         6.08          23            0             2.74          4.86 
C56            6.52          19.42         17            0             0             4.63 
C57            26.85         25.82         6             0             3.85          7.77 
C58            21.48         10.3          21            0             1.2           4.79 
C59            29.08         2.62          18            0             0             1.4 
C60            22.54         18.26         14            0             3.36          6.77 
C61            4.46          7.85          7             0             2.93          8.35 
C62            21.61         23.16         4             0             2.99          5.35 
C63            6.82          21.1          13            0             7.87          11.84 
C64            6.48          2.46          25            0             3.88          5.75 
C65            26.7          3.44          27            0             0             4.69 
C66            7.03          28.12         1             0             6.51          9.15 
C67            20.3          3.86          2             0             5.52          9.52 
C68            17.02         12.33         17            0             2.58          2.99 
C69            0.2           24.8          3             0             7.65          10.09 
C70            13.97         18.49         4             0             1.25          5.01 
C71            1.88          3.33          13            0             5.07          6.67 
C72            14.25         23.83         1             0             11.1          11.82 
C73            27.22         11.98         16            0             1.61          3.5 
C74            22.05         7.74          10            0             0             5.87 
C75            3.08          21.03         13            0             1.17          3.05 
C76            12.66         26.02         3             0             9.04          11.95 
C77            3.69          14.33         21            0             1.05          4.46 
C78            26.93         13.06         24            0             0             2.57 
C79            1.57          19.84         19            0             4.3           4.55 
C80            19.01         14.36         13            0             8.83          10.05 
C81            14.24         18.8          19            0             0             3.43 
C82            20.49         13.59         8             0             4.65          8.84 
C83            3.3           17.86         1             0             9.87          12.37 
C84            28.72         20.92         29            0             0             1 
C85            7.49          6.59          24            0             3.87          6.45 
C86            12.19         16.11         1             0             0             4.67 
C87            17.52         0.97          10            0             0             1 
C88            10.35         6.18          11            0             9.49          10.35 
C89            13.61         21.12         17            0             1.22          7.63 
C90            0.26          14.37         13            0             0             1.14 
C91            12.58         26.64         16            0             11.01         14.28 
C92            21.57         24.07         2             0             4.67          6.74 
C93            14.5          0.3           22            0             8.73          10.07 
C94            25.6          22.91         2             0             7.51          10.18 
C95            10.92         4.13          8             0             8.55          12.3 
C96            26.65         20.04         28            0             0             2.95 
C97            18.63         4.3           24            0             0             2.88 
C98            7.29          16.28         12            0             3.34          3.74 
C99            4.34          9.51          5             0             7.07          11.08 
C100           0             0             0             0             3.66          6.72 
