100            1             2 
30
21.6591       8.12403       

H0             18.19         6.32          0             0             0             30 
H1             2.38          18.26         0             0             0             30 
H2             7             21.44         0             0             0             30 
C2             15.52         28.03         7             0             21.4          29.94 
C3             9             28.01         5             0             5.91          7.21 
C4             16.93         2.09          24            0             9.7           14.92 
C5             8.64          19.85         3             0             1.69          4.19 
C6             18.43         29.93         23            0             10.18         13.41 
C7             3.94          10.77         3             0             8.34          14.51 
C8             14.78         7.61          26            0             7.83          14.49 
C9             2.41          25.06         24            0             6.68          9.25 
C10            18.41         11.88         16            0             9.66          13.23 
C11            14.91         17.24         21            0             6.06          15.6 
C12            7.14          0.48          6             0             5.45          7.2 
C13            13.44         24.76         17            0             11.23         13.67 
C14            17.54         29.43         27            0             0             6.29 
C15            16.71         9.5           27            0             1.78          7.96 
C16            12.38         26.66         1             0             1.59          4.75 
C17            25.69         6.34          6             0             7.81          9.66 
C18            11.62         24            27            0             8.48          13.83 
C19            10.24         3.02          23            0             13.42         15.35 
C20            3.54          26.16         18            0             6.08          11.76 
C21            17.86         19.36         13            0             8.86          14.67 
C22            3.77          7.84          1             0             4.55          9.21 
C23            14.2          19.64         13            0             13.05         15.75 
C24            15.88         5.54          21            0             9.5           11.55 
C25            1.32          19.32         23            0             5.74          7.57 
C26            20.5          25.33         16            0             0             1.73 
C27            16.76         19.84         8             0             13.44         14.59 
C28            27.5          17.66         24            0             9.7           12.85 
C29            19.41         20.67         15            0             2.06          4.54 
C30            20.49         14.03         24            0             12.17         12.68 
C31            20.9          7.67          8             0             0             2.1 
C32            2.75          25.4          5             0             12.2          15.12 
C33            16.1          19.74         3             0             9.4           13.53 
C34            0.43          1.12          9             0             6.19          6.51 
C35            13.57         9.41          11            0             7.69          10.41 
C36            0.3           9.16          7             0             9.47          13.26 
C37            0.45          23.35         10            0             8.11          10.74 
C38            22.69         23.13         13            0             9.34          11.92 
C39            19.12         20.2          13            0             0             3.58 
C40            7             21.44         8             0             19.59         25.65 
C41            28.88         0.86          24            0             13.67         14.7 
C42            19.6          2.11          14            0             0             3.19 
C43            22.78         15.42         27            0             6.67          13.12 
C44            13.51         8.05          1             0             7.58          9.6 
C45            0.51          11.06         5             0             11.99         12.61 
C46            4.31          23.12         20            0             0             5.07 
C47            19.68         25.62         5             0             4.27          7.03 
C48            16.32         3.73          3             0             0             3.78 
C49            7.14          25.9          13            0             3.51          5.98 
C50            1.04          13.47         6             0             0             2.55 
C51            17.46         2.56          28            0             7.74          12.78 
C52            23.49         17.75         5             0             0             1 
C53            11.96         15.15         17            0             0             5.19 
C54            22.85         14.85         2             0             7.65          13.99 
C55            28.47         6.08          23            0             8.8           9.71 
C56            6.52          19.42         17            0             13.08         16.76 
C57            26.85         25.82         6             0             6.96          11.23 
C58            21.48         10.3          21            0             5.68          7.54 
C59            29.08         2.62          18            0             0             3.27 
C60            22.54         18.26         14            0             0             1 
C61            4.46          7.85          7             0             0             1 
C62            21.61         23.16         4             0             14.46         15.95 
C63            6.82          21.1          13            0             1             0.66 
C64            6.48          2.46          25            0             11.34         16.45 
C65            26.7          3.44          27            0             12.44         13.02 
C66            7.03          28.12         1             0             2.31          9.68 
C67            20.3          3.86          2             0             6.38          8.41 
C68            17.02         12.33         17            0             0             6.96 
C69            0.2           24.8          3             0             12.62         17.16 
C70            13.97         18.49         4             0             5.93          8.33 
C71            1.88          3.33          13            0             0             2.67 
C72            14.25         23.83         1             0             4.65          10.15 
C73            27.22         11.98         16            0             4.49          10.23 
C74            22.05         7.74          10            0             8.17          11.37 
C75            3.08          21.03         13            0             2.98          5 
C76            12.66         26.02         3             0             0             2.98 
C77            3.69          14.33         21            0             7.19          7.66 
C78            26.93         13.06         24            0             6.7           7.11 
C79            1.57          19.84         19            0             5.44          6.18 
C80            19.01         14.36         13            0             5.58          11.59 
C81            14.24         18.8          19            0             9.57          16.24 
C82            20.49         13.59         8             0             0             1.36 
C83            3.3           17.86         1             0             10.23         13.93 
C84            28.72         20.92         29            0             7.79          13.28 
C85            7.49          6.59          24            0             1.9           6.36 
C86            12.19         16.11         1             0             10.22         13.76 
C87            17.52         0.97          10            0             12.24         14.74 
C88            10.35         6.18          11            0             11.97         12.39 
C89            13.61         21.12         17            0             11.42         15.61 
C90            0.26          14.37         13            0             3.6           9.3 
C91            12.58         26.64         16            0             6.39          11.96 
C92            21.57         24.07         2             0             0             4.47 
C93            14.5          0.3           22            0             3.66          9.22 
C94            25.6          22.91         2             0             8.76          13.7 
C95            10.92         4.13          8             0             10.85         15.74 
C96            26.65         20.04         28            0             6.97          10.49 
C97            18.63         4.3           24            0             0             4.51 
C98            7.29          16.28         12            0             6.06          8.83 
C99            4.34          9.51          5             0             7.01          8.82 
C100           0             0             0             0             1.38          9.54 
