100            15            8 
160
25.844        20.1509       21.2613       20.0092       21.02         21.3867       20.6169       9.66178       

H0             18.19         6.32          0             0             0             160 
H1             2.38          18.26         0             0             0             160 
H2             27.22         11.98         0             0             0             160 
H3             20.5          25.33         0             0             0             160 
H4             14.2          19.64         0             0             0             160 
H5             20.49         14.03         0             0             0             160 
H6             17.46         2.56          0             0             0             160 
H7             4.34          9.51          0             0             0             160 
H8             3.54          26.16         0             0             0             160 
H9             18.43         29.93         0             0             0             160 
H10            7.14          0.48          0             0             0             160 
H11            11.62         24            0             0             0             160 
H12            15.88         5.54          0             0             0             160 
H13            20.9          7.67          0             0             0             160 
H14            0.3           9.16          0             0             0             160 
H15            19.6          2.11          0             0             0             160 
H16            16.32         3.73          0             0             0             160 
C2             15.52         28.03         7             0             5.37          10.6 
C3             9             28.01         5             0             0             0 
C4             16.93         2.09          24            0             0             6.79 
C5             8.64          19.85         3             0             0             0 
C6             18.43         29.93         23            0             1.46          8.1 
C7             3.94          10.77         3             0             0             2.2 
C8             14.78         7.61          26            0             7.67          12.23 
C9             2.41          25.06         24            0             0             3.33 
C10            18.41         11.88         16            0             0             8.06 
C11            14.91         17.24         21            0             0             6.44 
C12            7.14          0.48          6             0             8.25          13.2 
C13            13.44         24.76         17            0             10.86         14.8 
C14            17.54         29.43         27            0             2.71          7.76 
C15            16.71         9.5           27            0             4.29          13.09 
C16            12.38         26.66         1             0             19.8          27.41 
C17            25.69         6.34          6             0             1.97          11.14 
C18            11.62         24            27            0             12.18         17.06 
C19            10.24         3.02          23            0             8.11          11.12 
C20            3.54          26.16         18            0             20.5          23.06 
C21            17.86         19.36         13            0             6.67          12.68 
C22            3.77          7.84          1             0             10.95         14.07 
C23            14.2          19.64         13            0             20.7          24.03 
C24            15.88         5.54          21            0             13.09         13.89 
C25            1.32          19.32         23            0             7.2           8.54 
C26            20.5          25.33         16            0             18.03         22.82 
C27            16.76         19.84         8             0             6.11          7.27 
C28            27.5          17.66         24            0             2.33          6.04 
C29            19.41         20.67         15            0             6.41          12.51 
C30            20.49         14.03         24            0             17.38         25.5 
C31            20.9          7.67          8             0             0             7.98 
C32            2.75          25.4          5             0             0             1.89 
C33            16.1          19.74         3             0             3.67          7.69 
C34            0.43          1.12          9             0             11.34         13.45 
C35            13.57         9.41          11            0             3.65          4.02 
C36            0.3           9.16          7             0             8.17          15.06 
C37            0.45          23.35         10            0             3.43          10.36 
C38            22.69         23.13         13            0             12.95         17.69 
C39            19.12         20.2          13            0             6.8           14.74 
C40            7             21.44         8             0             10.95         18.27 
C41            28.88         0.86          24            0             9.05          16.83 
C42            19.6          2.11          14            0             17.21         22.96 
C43            22.78         15.42         27            0             12.93         19.68 
C44            13.51         8.05          1             0             1.68          8.19 
C45            0.51          11.06         5             0             9.44          15.91 
C46            4.31          23.12         20            0             12.48         20.68 
C47            19.68         25.62         5             0             0             2.49 
C48            16.32         3.73          3             0             7.68          10.55 
C49            7.14          25.9          13            0             7.18          9.97 
C50            1.04          13.47         6             0             1.48          9.26 
C51            17.46         2.56          28            0             17.35         22.03 
C52            23.49         17.75         5             0             7.81          12.12 
C53            11.96         15.15         17            0             8.91          9.58 
C54            22.85         14.85         2             0             16.56         18.82 
C55            28.47         6.08          23            0             17.04         23.18 
C56            6.52          19.42         17            0             11.66         13.21 
C57            26.85         25.82         6             0             13.78         18.7 
C58            21.48         10.3          21            0             2.68          9.34 
C59            29.08         2.62          18            0             14.88         20.7 
C60            22.54         18.26         14            0             11.25         17.21 
C61            4.46          7.85          7             0             15.84         23.56 
C62            21.61         23.16         4             0             16.99         23.54 
C63            6.82          21.1          13            0             11.67         19.18 
C64            6.48          2.46          25            0             9.92          17.1 
C65            26.7          3.44          27            0             8.74          16.06 
C66            7.03          28.12         1             0             11.04         17.51 
C67            20.3          3.86          2             0             9.73          10.9 
C68            17.02         12.33         17            0             3.23          8.02 
C69            0.2           24.8          3             0             2.76          6.03 
C70            13.97         18.49         4             0             0             5.57 
C71            1.88          3.33          13            0             12.76         17.67 
C72            14.25         23.83         1             0             0             3.43 
C73            27.22         11.98         16            0             19.6          32.21 
C74            22.05         7.74          10            0             0             6.9 
C75            3.08          21.03         13            0             4.37          7.44 
C76            12.66         26.02         3             0             9.86          14.2 
C77            3.69          14.33         21            0             1.12          7.88 
C78            26.93         13.06         24            0             1             5.06 
C79            1.57          19.84         19            0             5.97          8.34 
C80            19.01         14.36         13            0             0             1.74 
C81            14.24         18.8          19            0             0             2.64 
C82            20.49         13.59         8             0             18.18         21.15 
C83            3.3           17.86         1             0             11.92         18.65 
C84            28.72         20.92         29            0             3.48          11.3 
C85            7.49          6.59          24            0             14.15         17.99 
C86            12.19         16.11         1             0             8.28          11.9 
C87            17.52         0.97          10            0             0             4.14 
C88            10.35         6.18          11            0             12.59         14.57 
C89            13.61         21.12         17            0             18.47         19.98 
C90            0.26          14.37         13            0             17.57         21.65 
C91            12.58         26.64         16            0             12.05         15.14 
C92            21.57         24.07         2             0             17.04         20.63 
C93            14.5          0.3           22            0             4.34          9.77 
C94            25.6          22.91         2             0             6.77          11.98 
C95            10.92         4.13          8             0             10.64         15.93 
C96            26.65         20.04         28            0             8.98          13.59 
C97            18.63         4.3           24            0             15.1          22.04 
C98            7.29          16.28         12            0             4.07          10 
C99            4.34          9.51          5             0             20.12         25.06 
C100           0             0             0             0             10.62         12.14 
