64             10            5 
75
15.5564       15.5564       16.1422       16.1422       11.3131       

H0             0            -7             0             0             0             75 
H1             0             7             0             0             0             75 
H2            -5            -2             0             0             0             75 
H3            -4             1             0             0             0             75 
H4             2             1             0             0             0             75 
H5             4             1             0             0             0             75 
H6             0            -5             0             0             0             75 
H7             3            -4             0             0             0             75 
H8             4            -3             0             0             0             75 
H9             3            -2             0             0             0             75 
H10            0            -1             0             0             0             75 
H11           -5             0             0             0             0             75 
C2            -1            -6             6             0             0             4.01 
C3             1            -6             6             0             0             1.57 
C4            -2            -5             12            0             0             1.81 
C5             0            -5             6             0             18.11         31.35 
C6             2            -5             12            0             1.82          6.5 
C7            -3            -4             18            0             12.64         15.5 
C8            -1            -4             12            0             23.94         29.21 
C9             1            -4             12            0             3.34          10.42 
C10            3            -4             18            0             3.29          8.03 
C11           -4            -3             24            0             13.92         15.11 
C12           -2            -3             18            0             7.16          15.6 
C13            0            -3             12            0             10.03         14.05 
C14            2            -3             18            0             4.53          9.5 
C15            4            -3             24            0             5.2           10.81 
C16           -5            -2             30            0             12.74         15.63 
C17           -3            -2             24            0             4.7           10.54 
C18           -1            -2             18            0             8.44          11.06 
C19            1            -2             18            0             2.82          9.11 
C20            3            -2             24            0             4.63          8.16 
C21            5            -2             30            0             7.34          12.28 
C22           -6            -1             36            0             0             3.89 
C23           -4            -1             30            0             7.03          9.04 
C24           -2            -1             24            0             6.56          10.63 
C25            0            -1             18            0             5.85          13.05 
C26            2            -1             24            0             3.27          8.86 
C27            4            -1             30            0             0             6.05 
C28            6            -1             36            0             7.69          10.83 
C29           -7             0             42            0             0             6.27 
C30           -5             0             36            0             4.9           6.45 
C31           -3             0             30            0             9.89          15.65 
C32           -1             0             24            0             7.34          12.72 
C33            1             0             24            0             12            17.37 
C34            3             0             30            0             0             3.78 
C35            5             0             36            0             11.92         17.48 
C36            7             0             42            0             11.16         13.94 
C37           -6             1             36            0             0             5.88 
C38           -4             1             30            0             13.72         18.31 
C39           -2             1             24            0             9.93          15.38 
C40            0             1             18            0             10.7          15.64 
C41            2             1             24            0             13.69         17.59 
C42            4             1             30            0             15.32         18.91 
C43            6             1             36            0             11.32         13.38 
C44           -5             2             30            0             0             3.92 
C45           -3             2             24            0             4.78          8.83 
C46           -1             2             18            0             6.09          10.34 
C47            1             2             18            0             8.6           14.11 
C48            3             2             24            0             3.6           5.94 
C49            5             2             30            0             0             4.03 
C50           -4             3             24            0             1.92          3.46 
C51           -2             3             18            0             3.64          6.54 
C52            0             3             12            0             5.99          14.36 
C53            2             3             18            0             4.53          6.56 
C54            4             3             24            0             1.04          4.8 
C55           -3             4             18            0             3.4           7.19 
C56           -1             4             12            0             11.01         14.86 
C57            1             4             12            0             1.86          6.19 
C58            3             4             18            0             6.54          10.05 
C59           -2             5             12            0             0             5.15 
C60            0             5             6             0             8.16          11.2 
C61            2             5             12            0             7.04          10.27 
C62           -1             6             6             0             9.59          13.87 
C63            1             6             6             0             8.8           10.43 
C64            0             0             0             0             9.92          12.49 
